9.2676
8.99363
9.02025
9.09884
9.38951
9.22746
9.21329
8.68228
9.32481
9.16755
9.1308
9.01318
8.9518
9.0138
9.35466
9.35911
8.91971
8.71733
9.33071
9.60085
9.09716
8.95586
9.49433
9.05177
8.63846
9.11625
9.12619
9.19092
8.67126
8.77395
9.11228
9.22933
9.34683
9.42698
9.30882
8.94277
8.58585
9.37753
9.01134
8.67291
8.91953
8.96004
8.88217
9.15186
8.99394
8.96607
9.15726
8.95506
9.12588
9.11755
9.50542
8.95007
9.17854
9.31856
9.0131
8.66342
9.23365
9.11052
9.14987
8.90285
9.35394
9.18663
9.0234
9.14336
9.03171
9.23452
9.02031
8.86647
9.1076
8.63247
8.87139
9.48266
9.12641
9.02869
8.96345
8.95587
8.78387
8.92092
8.98248
8.99274
8.91785
9.19249
9.0539
9.08356
9.05453
9.38551
9.20156
9.33623
9.23724
9.06107
9.26083
9.07625
9.09758
9.55313
8.75501
8.56134
9.44197
9.1041
9.11838
8.84724
8.71692
8.93662
9.32617
9.25993
9.17161
8.69905
8.8247
9.36156
9.10612
8.74698
8.72883
8.87924
9.18119
8.79339
8.69218
9.13036
8.94326
8.86
9.19061
9.22058
9.2183
9.19169
8.84621
8.90662
9.37506
9.42078
9.0833
8.96453
9.00996
9.25579
9.13242
9.37719
9.37419
8.84298
9.08629
9.28842
9.7319
8.49663
8.98205
8.98105
9.13725
9.33796
9.33625
9.67879
9.08915
9.4287
9.3715
9.0676
8.67989
9.36547
8.83643
9.50464
9.34798
9.2013
9.1486
8.6913
9.07686
8.70408
9.26154
8.78852
8.79164
9.42243
9.12331
9.01181
9.2403
9.16866
8.93003
8.99303
9.05495
8.59194
8.88374
9.1832
9.09656
8.97613
8.99413
9.00687
8.68134
8.86269
8.88929
8.86076
8.93505
9.08924
9.47452
8.98428
8.71886
9.30882
9.04804
8.87876
9.0083
9.56446
8.75827
8.94252
8.91244
8.88859
9.4357
9.16826
8.98539
9.1955
9.01434
8.97175
9.08667
9.15638
8.95015
9.25621
9.33703
9.12711
8.90811
9.0321
9.31495
8.87019
9.02562
9.37845
9.09501
9.37805
9.33626
9.19183
8.78621
8.87932
9.10843
9.21887
9.21749
9.09203
9.46635
9.49215
9.00404
8.83341
9.26035
9.45709
9.14178
9.26431
9.31075
8.82276
9.35165
9.27597
8.81223
9.01096
8.98891
9.34872
9.19571
8.85795
9.18203
9.21744
9.25595
8.75107
9.27015
8.78618
8.77352
9.34362
9.17611
9.28138
8.95144
8.84123
8.75675
9.23361
8.48809
9.06209
8.73499
8.97278
9.38067
8.83281
8.86948
8.92111
8.86856
9.12319
9.17224
9.24806
9.00285
9.17428
9.20257
8.91164
8.82053
8.70538
9.1611
8.84231
9.24771
9.19931
9.30679
8.7263
8.93565
9.29299
9.06056
9.02749
9.25606
9.16762
8.67485
9.16229
8.91235
9.14387
9.05702
9.17242
8.44874
9.51837
9.25991
8.97287
8.7128
8.9759
9.46194
9.12768
9.03507
9.10144
9.44938
9.0719
8.85372
9.1528
9.10007
8.96621
8.78216
9.42468
9.24484
9.12664
9.04583
9.14439
9.50823
9.37408
9.44384
8.894
9.18865
9.35012
9.62822
9.34589
9.14375
8.90887
9.60173
9.15643
9.37685
9.49463
9.47732
8.96879
9.51809
9.28436
8.77675
9.37548
8.99331
9.21301
9.22244
9.24494
9.57346
9.22796
8.94822
8.8361
9.31542
9.08966
9.28162
9.35875
9.49622
8.94709
9.25741
9.04992
8.98409
9.04539
9.36214
9.19722
8.87634
9.08565
9.13762
8.77296
9.30438
9.12992
9.35083
8.91092
9.0598
9.48591
8.75523
8.9729
8.99125
9.04908
8.89308
9.3974
9.24882
8.92165
9.01706
8.95136
9.31676
8.97051
9.00061
9.38941
9.06051
9.23527
9.37436
8.89678
9.0587
8.85143
9.06055
9.29628
9.2733
9.11854
8.9612
9.12652
9.21579
8.75431
9.2334
9.06116
9.07137
9.06501
8.72619
9.46687
9.02373
8.73872
9.075
8.8727
9.09295
9.33064
8.86081
9.41139
8.60949
8.88643
8.99739
9.02194
8.8311
9.49744
8.62814
8.59055
8.96521
9.51939
9.23851
9.18026
9.0654
8.7761
9.29634
9.46903
9.14312
9.36137
9.17841
9.02799
8.99166
8.84744
9.12484
8.90455
8.85416
8.99377
8.81002
8.9948
9.06758
9.12628
9.04611
8.86739
9.24653
9.12338
9.13113
9.13997
9.19391
9.3252
9.30529
8.68014
8.96443
9.01456
8.69259
8.69194
9.00089
8.94659
8.93627
8.69306
8.94644
9.04791
9.05251
8.81956
8.83545
8.78204
8.65119
8.83698
9.23596
8.66047
8.85579
9.13669
8.94425
9.17442
9.14915
8.98534
8.71595
8.96446
9.09118
9.13158
8.96519
9.44061
8.95706
8.95464
8.99192
9.44156
8.69701
9.23353
9.08114
8.50562
9.13342
8.91783
8.79978
9.3826
9.24106
9.44234
9.47681
9.37923
9.1983
9.04193
9.29397
8.98941
9.13528
9.05685
9.21089
9.35693
9.27327
9.01775
9.07983
9.35384
9.39422
9.27224
9.39748
9.66603
9.10522
9.46792
9.31162
9.10987
9.41231
9.32591
9.23555
9.3564
9.15508
9.28398
9.266
9.31246
9.1894
9.17869
9.32249
9.42287
9.41541
9.24894
9.58819
9.43895
9.33015
9.52149
9.17017
9.15461
9.31042
9.22149
9.29187
9.60594
9.3643
9.18111
9.03675
9.3756
9.48813
9.47065
9.21431
9.3748
9.1938
9.42482
9.13304
9.36625
9.1849
9.11699
9.24741
8.51456
9.333
9.09128
9.04464
9.30201
9.06245
9.19644
9.18935
9.50889
9.14633
9.39253
8.96045
9.4449
8.8095
9.00687
9.52797
9.09823
9.06426
9.31747
9.2706
9.27235
9.05836
9.39195
9.10698
9.01786
9.24213
8.79642
9.73135
8.77921
9.53489
9.46293
8.81562
8.89055
9.08306
9.19524
8.94586
9.35192
8.79064
8.85757
8.91757
9.03273
9.29331
8.93792
9.39841
9.36557
8.70015
9.57076
9.04902
9.00133
9.31047
9.65588
9.18886
9.40485
8.77705
9.51095
9.45865
9.09584
9.56011
9.11715
9.42278
9.12597
9.18852
9.62238
9.14616
9.23836
9.13938
9.12947
9.10977
9.8762
9.30381
9.11047
9.3075
9.37546
9.40001
9.04823
9.69823
9.26444
9.44688
9.01724
9.09663
9.09565
9.25026
8.99332
9.35803
9.13757
8.84064
9.21211
9.47512
9.14854
8.93553
8.99126
9.41956
9.36364
9.05958
9.5932
8.85548
9.08009
9.33242
8.84462
8.96039
9.27652
9.25975
8.85225
8.93302
9.46727
9.39471
9.20508
9.39925
9.14801
9.11475
9.51651
9.3129
9.17443
9.05427
9.22094
9.25009
8.97957
9.37856
8.79276
8.97893
9.33386
8.92498
9.07355
8.92394
9.09009
9.2114
9.14933
9.16276
9.20845
8.92862
9.09397
8.94631
8.98618
9.1499
9.12588
9.31937
9.22393
9.40611
8.82438
9.23602
9.15754
9.12688
9.49959
9.34615
9.29007
9.35908
9.58001
9.282
9.23604
9.34679
9.66057
9.44605
9.08035
9.0739
9.29487
8.83656
9.14417
8.91296
9.19461
9.12697
9.57419
8.85809
9.49462
9.62845
9.39429
9.2432
9.27873
9.41864
9.5512
9.26402
8.96594
9.15241
9.37366
8.90164
9.44366
9.35752
9.12725
8.8744
9.51861
9.27366
9.04399
9.06634
9.32679
9.15284
9.41643
9.30923
9.42262
9.0076
9.3159
8.96216
9.46154
9.30094
9.25355
9.45043
9.33985
9.3905
9.00215
9.27879
9.09784
9.27115
9.89863
9.02395
9.42249
9.36843
9.21476
9.02998
9.14171
9.47336
9.64492
9.20352
8.84787
9.12009
9.61164
8.93116
9.0032
9.38476
9.23787
9.05791
8.48682
8.78328
8.79112
8.70222
8.91179
9.16287
8.77517
9.14315
8.80998
8.71085
9.02528
8.748
8.86196
8.92576
9.03481
9.10303
8.97137
8.81356
8.98463
9.05911
9.29828
8.47581
8.7769
9.5446
9.23423
8.87791
9.2345
9.24602
8.61371
8.9859
8.4829
8.72963
9.05743
9.232
9.03448
8.88714
9.21041
8.85747
8.66899
9.195
9.10095
9.1595
9.19868
9.1778
9.23453
8.87818
8.80145
8.75485
9.17565
8.83559
8.58912
8.75965
9.25042
8.84732
9.00424
8.97932
9.28254
9.22988
8.61461
9.04114
9.054
8.9274
9.13241
9.15099
8.88767
8.50374
9.00145
8.59114
8.94618
9.01836
8.67511
8.83235
9.14496
9.31771
8.59531
8.88644
9.14131
9.43234
8.92618
9.18198
9.15131
9.15952
9.07852
8.94767
8.87969
8.98943
9.1156
8.92551
9.47777
9.74773
8.73837
9.05107
9.19818
9.41372
9.09693
9.20676
9.0887
9.03054
9.31829
9.25072
8.90668
9.55531
9.58687
9.1763
9.18235
9.36349
9.57919
9.55284
9.10919
9.30303
9.3553
9.53454
9.44657
9.16455
9.56946
9.48346
9.45772
9.36451
9.28303
9.14791
8.71782
9.25178
9.20555
9.35626
9.02207
9.40896
9.15704
9.37732
9.30609
8.92742
9.60071
9.39283
9.71198
9.66761
9.18827
9.34731
9.45585
8.98243
8.94219
9.17788
9.11294
9.06602
9.17819
9.26612
8.878
9.29211
9.76189
9.13758
9.13324
8.97055
9.1632
9.50715
9.12788
9.4332
8.92113
8.7298
9.5053
9.21158
9.30011
9.12154
9.17705
8.78901
9.32778
9.5216
9.09764
9.3517
9.41721
9.40145
8.97508
9.66344
9.64301
9.19756
8.82509
9.11723
8.92234
9.47659
9.04411
8.78219
9.39007
9.13286
8.91848
9.05646
9.20033
9.188
8.65503
8.86922
9.38478
9.17683
9.3656
9.39227
9.38201
9.15973
9.07018
9.20276
9.71107
8.97161
9.51179
9.30545
9.64124
9.54661
9.08583
9.79141
9.15022
8.86258
9.25456
9.12513
9.24845
9.23064
8.81765
9.31781
9.59662
9.35206
9.42519
9.04231
9.38179
9.50363
9.13065
9.46762
9.1789
9.15361
9.15348
9.41173
9.39426
9.28382
9.16662
9.37117
9.32408
9.27309
9.29125
9.20309
9.11708
9.51483
9.32384
9.20953
9.31512
9.06179
9.32918
9.41783
9.44267
8.6693
9.10711
9.10338
9.06395
9.25528
9.10626
9.77465
9.12269
9.15474
9.09831
9.22605
9.08359
9.38785
9.28537
9.21003
9.28728
9.16628
9.01284
8.9804
9.0767
9.68745
9.28956
9.83021
9.06766
8.96221
9.40238
9.05893
9.29783
9.21015
9.15089
9.20806
8.90464
9.31191
9.18909
9.07418
9.0664
9.14673
9.39206
9.47108
9.59881
9.15698
9.25448
9.14277
9.36575
9.42179
9.55219
9.14156
8.90871
9.27479
9.28798
9.37444
9.39075
8.95265
9.07454
9.16624
9.23388
9.31299
8.99542
9.06973
9.25313
9.45841
9.13038
9.42223
8.96468
9.32416
9.24666
9.50085
9.17314
9.62403
9.28162
9.54677
9.55062
9.60574
9.17786
9.22888
9.11419
9.36512
9.36459
8.78047
9.33521
9.56827
8.95057
9.5696
9.21104
9.19445
9.39886
9.25112
9.31971
9.28574
9.22996
9.2507
9.23762
9.12002
9.2975
9.40293
9.60795
9.29786
9.22883
8.85748
9.00611
9.11174
8.94707
9.38581
9.03465
9.56332
9.07733
9.11211
9.08315
9.23358
9.4546
9.36188
9.26227
9.15204
9.29452
9.19381
9.21622
8.69536
8.73724
9.01762
8.91113
9.03104
9.17107
8.96223
9.03807
9.02554
8.89626
9.16994
8.92028
8.5198
8.9366
8.85031
9.09774
9.49975
8.937
8.84484
8.96508
9.19086
9.21196
8.99009
9.13839
8.93509
9.01156
9.14856
8.66856
9.09394
8.83659
8.78547
9.03075
9.35082
8.77124
9.47899
8.98471
9.11628
8.84178
8.68648
8.8355
9.13167
9.38139
8.9283
8.99234
8.8443
8.77793
9.24425
8.68739
9.05891
8.86284
8.78456
9.02757
9.17267
8.92649
8.79464
9.25485
9.1648
8.96224
8.79031
8.71533
9.06842
8.89246
8.82242
8.94297
8.76387
8.87911
9.0139
9.01339
8.77341
8.97177
8.84233
8.83031
9.4359
8.82434
8.61753
9.25859
8.87125
8.91297
9.10965
9.21506
8.9557
9.18928
8.83712
8.27444
9.11198
8.78101
8.91688
9.13877
9.12102
9.15096
8.73473
9.00307
8.80913
8.76112
9.20489
9.13723
9.05164
9.01756
9.00208
9.28425
8.98436
8.99021
9.47783
8.99213
9.3509
8.92595
9.00891
8.97517
9.04922
9.16188
9.03872
9.26949
9.50879
8.46481
9.26146
8.65709
9.17729
9.23201
9.60642
8.7869
9.08592
9.0306
9.1189
9.09365
9.06766
9.11579
8.77211
9.41454
9.16434
8.89554
8.77634
8.78298
9.09352
8.75855
8.80808
8.85622
8.75721
9.26441
8.79578
8.95053
8.92724
9.04568
9.04656
8.53629
9.08948
8.79442
8.75265
9.46728
9.34009
8.79398
8.66371
8.99953
8.96226
8.85307
9.04443
8.90844
8.62026
8.99038
9.38747
8.65242
9.01478
9.00892
9.17239
8.77943
9.11053
9.22512
8.85455
8.9998
8.69206
8.89619
9.3903
9.02171
9.08975
9.05472
8.90979
8.72059
9.02446
8.9844
8.76408
8.93044
8.9303
9.20321
9.15979
8.84389
8.8543
9.07918
8.95037
9.06589
8.96144
8.99558
9.51553
9.03144
9.0379
9.00068
8.94615
8.78245
9.12262
9.07905
8.64157
8.89035
8.88051
9.15928
9.2112
9.10325
9.03735
9.25421
8.93017
8.88064
8.80742
9.24375
9.14209
8.86311
9.09866
8.76589
9.18067
8.89679
8.94422
9.13027
8.9515
9.02435
9.17668
9.10848
9.50687
8.84646
8.81873
8.69674
9.23811
9.33031
8.97421
9.08576
8.93662
8.87839
8.86177
8.88424
8.74314
8.67882
8.66311
9.1351
9.45793
8.96708
8.78053
8.75035
9.05589
9.27297
8.88213
9.03971
9.10747
9.02586
8.81706
8.97829
9.34482
8.95524
9.13762
8.5916
8.7039
9.09261
8.65304
8.96044
8.96942
8.98622
9.26879
9.02083
8.94603
9.11303
8.73933
9.30092
9.4601
9.08523
8.95324
9.24864
9.26965
9.26674
9.00729
8.66779
9.22708
8.94964
9.11981
9.25978
9.29564
9.24128
8.83593
9.26563
8.94929
8.53054
9.09822
8.99606
8.90329
8.69597
9.01505
8.86649
9.17606
8.91238
9.05902
9.03597
8.96583
8.83651
9.34634
8.90954
9.30596
8.92207
8.85767
9.23039
8.76981
8.83559
8.83224
9.4004
9.05802
9.26977
8.96459
8.81304
9.23652
9.19435
8.89678
9.36727
8.85531
8.79834
9.06268
9.00348
8.58037
9.00273
8.70148
8.85721
9.05697
9.48904
8.92075
8.43244
9.08574
9.04854
9.03938
9.05904
9.07032
9.05269
8.93591
9.39006
9.11565
8.8554
9.06924
9.14107
8.53456
9.03294
9.21198
8.94728
9.02507
9.33929
8.75527
8.91697
9.10252
8.83005
9.26683
9.20273
8.76556
9.19479
9.42176
9.18709
9.00622
8.97988
8.86309
9.10332
9.03582
9.22832
8.97826
9.21011
9.02115
8.9323
9.13967
9.13369
9.15556
9.13463
9.21824
9.15633
9.69627
8.94667
9.6825
9.22088
9.47749
9.09575
8.7366
9.19988
9.19994
9.36939
9.12546
9.21086
9.24791
8.90113
8.85717
9.15183
8.82649
8.95224
9.18867
9.76656
9.21449
8.90206
8.97208
8.96324
8.99322
9.20967
8.9884
9.07364
9.07796
9.0006
9.15834
8.79572
9.1946
8.9941
9.25706
9.56509
9.12037
9.06775
8.77502
9.08848
9.30879
8.83165
9.3905
9.36531
8.74938
9.33408
9.05524
9.57152
9.18701
9.01908
8.76549
8.71069
9.18201
9.50825
8.87395
9.22091
9.17501
8.82877
8.94365
9.43258
9.10069
9.1211
8.81064
9.17688
9.15236
9.15953
9.36022
8.96255
9.29869
9.41911
9.31989
9.54951
9.46398
9.12942
9.03101
8.94747
9.37235
9.00036
9.10994
8.98649
9.21078
9.2792
9.59563
9.03729
8.79157
9.37248
9.29389
9.36782
9.67304
9.12598
8.96208
9.16796
9.20615
8.95271
9.1181
9.01377
8.85363
9.08332
9.00114
9.21828
9.12213
9.2684
9.11446
9.33122
9.1814
9.0035
9.14886
8.78771
8.99681
8.93648
9.11619
9.05919
9.09765
8.83626
9.12965
9.31654
9.10511
8.76614
8.43213
8.92641
8.65904
9.20216
9.16096
9.2354
9.21784
9.30299
9.13452
9.15777
9.19108
9.62325
8.90273
8.87441
9.16406
8.70629
9.05372
9.00659
9.20488
9.21295
9.17585
9.22598
9.17161
9.31693
8.99253
9.50459
9.35953
9.26184
9.5316
9.35251
9.23536
9.32445
9.79866
9.06876
9.31792
9.51763
9.3041
9.48067
9.30502
9.27829
8.92015
8.90893
9.40491
9.27938
9.34317
9.44969
8.96232
9.39843
9.37884
9.0053
9.04414
9.19155
9.34849
9.41416
9.24397
9.37892
9.12157
9.11532
9.25662
9.17643
8.65152
9.28048
8.993
8.98422
9.40155
9.31865
9.16618
8.99961
9.24666
8.8527
9.35387
9.11351
8.79485
8.93205
9.19507
9.08677
9.10155
8.80144
9.21494
8.81373
9.01273
9.05766
9.18646
8.35911
9.21321
8.81502
9.25876
8.90415
9.27692
9.05627
8.84835
9.25735
9.32074
8.9975
9.25959
8.87736
8.88192
9.33565
9.40422
9.33756
8.79803
9.18265
8.74338
9.06677
9.08976
8.8907
9.09426
8.92697
9.38614
9.22229
8.65263
9.32636
9.07521
8.79323
8.94677
9.36025
8.83848
9.08944
9.12845
9.24515
8.98055
8.89044
8.94154
9.38688
9.10679
9.41972
8.89615
9.22727
8.85253
8.96484
9.25536
9.07434
9.46874
9.33125
9.20143
9.46762
9.28637
8.75483
8.94957
9.17594
8.95356
9.08984
9.1159
9.43452
9.11168
9.17137
8.83976
9.04092
8.83951
9.04606
9.12451
9.14678
8.90738
9.07703
9.27856
8.68674
9.19225
9.11878
9.10164
9.12294
8.82376
9.44625
8.97115
8.98196
8.66833
9.33536
8.91269
9.17742
9.34961
8.76286
9.21004
9.01202
8.99638
8.95031
9.06857
9.03673
8.99207
9.22477
9.0438
9.13537
9.10445
9.17048
8.91971
9.22565
8.87088
8.94039
9.40844
8.91589
9.19928
8.94895
8.95567
9.3239
8.93078
9.00305
9.54417
9.07326
9.05942
9.11719
9.37276
9.04229
9.32228
8.71813
8.65586
9.10671
9.5015
9.11088
8.80789
9.11534
9.08435
9.06291
9.11795
9.1995
9.37411
9.35457
8.90382
9.0769
9.05079
8.73376
8.8708
9.22078
9.0999
8.93732
8.79559
9.18103
9.09026
9.00064
9.04207
9.27048
9.28489
9.08157
9.00341
8.66936
8.84266
8.74255
8.9104
9.02035
9.10715
9.37839
8.82333
9.19927
9.26274
9.06668
8.84091
9.11808
9.25758
8.93596
9.04244
8.98753
9.34813
8.9776
8.90648
9.42704
8.9314
9.05449
8.99255
8.91622
8.99529
8.87049
8.70557
9.13793
9.29773
8.75213
8.96336
9.13101
8.97288
9.40707
9.39365
9.12801
9.27671
9.54385
9.19369
9.57135
9.02092
9.43175
9.40473
9.3904
9.0082
9.34493
9.01337
8.96931
9.22285
9.02221
9.11332
9.44728
9.35599
9.04654
9.03449
9.24566
9.22127
9.42949
9.12317
9.41833
9.47068
9.03728
8.89178
9.02015
8.86805
8.62112
9.1636
9.08242
8.91098
9.70726
9.23195
8.84791
8.90943
8.94038
9.09129
8.29581
8.88192
9.08053
9.31323
8.81256
9.14887
9.24966
9.06022
9.18638
9.09194
9.51959
9.36897
9.14769
8.63977
9.08911
9.23913
9.01025
8.79511
9.37436
9.23384
9.00156
9.39012
9.19174
8.98341
9.62708
8.8746
8.80253
9.15547
9.10404
8.9829
9.09349
9.02605
8.90512
9.03033
9.1064
9.34374
9.47355
9.1123
9.02936
9.55875
9.4126
9.26293
8.81207
9.24514
9.21028
9.23135
8.89948
9.06353
8.82659
9.18531
9.2487
9.12717
9.39563
8.78644
9.28364
9.53116
9.22947
9.3208
9.07599
9.03809
9.44889
9.53089
9.07426
9.08795
8.94054
9.01484
9.24387
8.74127
9.34991
9.08412
9.10944
9.70487
8.95227
8.93768
9.06637
9.25968
9.23738
8.93336
9.19867
8.921
9.46577
9.11589
9.14164
8.72163
9.03348
9.2689
9.0232
9.22151
9.35142
9.37113
8.87895
8.98414
9.42068
9.0763
9.48777
9.07266
8.9338
8.97592
9.28253
9.35579
8.89242
8.90204
8.83965
8.42785
9.14148
9.14422
9.19684
8.98857
9.48465
9.44707
8.86764
9.10384
9.47078
9.33086
9.47276
9.31887
9.20717
9.16419
9.28616
9.34514
9.03853
9.26987
9.53066
9.01988
9.27987
8.9029
9.00807
9.2524
9.59596
9.4378
9.09489
9.23412
8.73491
9.49817
9.08225
9.27108
9.55506
9.14261
9.17513
9.12885
9.03754
9.27976
9.11654
9.17943
9.20007
9.07052
8.89019
9.24221
8.84593
8.92738
9.39587
9.13885
9.1868
8.84616
9.49994
8.9785
8.97947
8.81934
9.32276
8.946
9.22588
9.06118
9.08233
9.08675
8.94396
9.11928
9.02804
9.23278
9.75159
9.07541
8.87758
9.14299
9.3771
9.20341
9.22196
9.14715
8.81263
9.2251
8.84157
9.25089
9.30489
9.38076
8.92123
9.40065
9.21273
8.89001
9.51898
9.48155
9.32198
9.27171
9.54254
8.8962
9.04899
9.42866
9.00806
9.01398
9.06496
9.32823
9.23627
9.25881
9.20586
9.25901
9.07815
9.10384
9.04896
9.24315
9.20416
8.67905
9.43181
9.40285
9.70398
9.52971
9.12212
9.35944
9.14133
9.26695
9.16341
8.78298
9.36356
9.45316
9.25136
8.93009
9.69411
8.96572
9.12706
9.00491
9.10699
9.52913
8.98113
9.34452
8.83824
9.09603
8.75291
8.8298
8.73688
9.35844
8.92253
8.96817
9.19233
9.01845
8.86274
9.25108
9.17782
9.1861
9.46645
9.20039
9.21307
8.83628
9.28453
9.08008
9.15056
9.28658
9.12635
9.07945
9.25854
9.67702
8.61999
9.23852
8.80504
9.43159
8.98865
8.88268
9.25141
9.31559
9.09937
9.23395
9.27429
8.94071
8.83867
8.99913
9.11809
9.27754
8.84276
8.83146
8.71804
9.0959
8.96221
9.02196
8.70587
9.05926
9.17676
9.0433
9.05771
8.77636
9.22746
9.08227
9.38524
8.94519
9.16289
9.18944
8.97626
9.27286
9.01105
9.14089
8.86991
8.80223
9.33606
8.93134
9.11357
9.05802
9.13481
8.79045
8.52644
9.22025
9.09048
9.02675
8.80511
9.10192
9.18696
9.21231
9.42558
9.08875
8.97248
8.63801
9.35441
9.04254
9.12003
9.0231
9.16682
9.12333
8.94612
8.54088
9.09839
9.02562
9.30576
9.26632
9.2914
8.83466
8.53826
9.09368
8.87566
8.64204
9.27639
9.30086
9.22627
9.36401
9.18903
9.10889
9.50167
9.1898
9.41724
9.37982
9.2794
9.22589
9.03379
8.75633
9.11055
8.93599
9.27701
9.08845
9.22587
8.99128
9.13158
9.35789
9.16975
9.29951
9.32983
9.22356
8.92624
9.21793
8.97254
9.40279
9.24737
8.64878
9.35677
9.08544
9.08797
8.90777
9.2451
9.20755
8.77488
9.03664
9.31381
8.88709
9.47835
9.30622
9.30665
8.78727
9.11575
9.04119
8.9816
9.25999
8.88508
9.27902
9.55108
9.26034
9.16134
9.03128
9.19799
9.34906
9.30554
9.17999
9.12412
9.61684
9.07594
9.09492
9.53387
9.37734
9.25415
8.99543
8.68817
8.95429
9.31143
8.99926
8.97351
9.75122
9.34704
9.02465
9.53804
8.81911
9.28186
9.36723
9.42461
9.21216
9.24178
9.29883
9.34266
9.22359
8.7418
9.31675
9.47866
9.18104
9.35756
8.90658
9.527
9.40559
9.37816
9.43653
9.3919
9.10678
9.35564
9.25467
9.09092
9.09572
9.43519
9.21812
9.18363
9.20955
9.19741
8.8855
9.03631
9.45576
9.28918
9.19119
9.09852
8.8659
9.21868
8.84252
9.3632
8.77237
9.17802
8.97729
8.78362
8.89013
9.06647
9.02738
9.13146
9.3441
8.9594
9.06675
8.90075
9.0684
9.67203
9.4074
9.1131
9.5648
9.61351
9.12265
9.36532
9.73876
8.96672
9.49845
9.14083
8.92996
9.28554
9.10511
9.04518
9.5239
9.03221
9.50397
9.3355
9.36586
9.52172
9.13864
9.28243
9.11795
9.40666
9.72788
9.11184
9.31418
9.35169
9.20036
9.39814
9.7673
9.47115
9.49824
8.90746
9.0315
9.13605
9.11008
9.1987
9.67647
8.95925
9.19741
9.32685
9.1551
8.71695
9.12334
8.95146
9.86707
9.43241
9.0588
9.23331
9.12674
9.8049
9.06692
9.38209
9.21722
9.03268
9.37888
9.28958
9.27236
9.21095
9.42855
9.3477
9.01349
9.79362
9.35962
9.45938
8.97851
8.93505
9.14516
9.181
9.18927
9.06876
8.94873
9.27918
9.24717
9.30073
9.02774
9.45798
9.07319
9.61137
8.83923
8.94111
9.33279
9.28318
8.81327
9.10492
9.31243
9.13196
9.68577
9.57744
9.15178
9.46927
8.92779
9.10563
9.78203
9.12778
9.28694
9.06858
9.35059
9.5293
9.7548
8.78856
9.26838
9.14016
9.39338
8.98346
9.44411
9.30533
9.74391
9.51362
9.22243
9.46522
9.30943
9.02179
9.35967
9.03918
9.41469
8.93856
9.41746
9.44505
9.24726
8.79285
9.00095
9.01052
9.07603
9.21073
9.19778
9.06415
9.18413
8.53718
9.07844
9.2932
9.00112
9.2395
9.24103
9.44116
9.09674
9.28959
9.10332
9.60322
9.53206
9.42421
9.22405
9.49466
9.46913
9.16326
9.3689
9.54183
9.37131
9.55884
8.90884
9.10138
9.17753
9.33434
9.16663
9.27268
9.23627
9.30779
9.2129
9.01684
9.41175
8.3746
9.45321
9.05031
8.95302
9.29205
9.03207
9.43819
9.21019
9.40404
8.83179
9.20969
8.90252
9.4185
9.48253
8.99303
9.31486
9.32576
9.5155
8.95089
9.17864
9.04829
8.75674
8.98745
8.95572
8.97396
9.42651
9.47954
9.07994
9.22805
9.08344
8.93722
8.70639
9.35658
9.03669
9.21417
8.69269
8.87951
9.15876
9.22311
9.06514
8.80667
9.09387
9.02381
9.18316
9.26384
8.7603
8.68964
9.03577
9.10592
9.16089
9.2872
9.56742
8.99619
8.96122
9.34131
8.85462
9.11367
9.14183
8.97205
9.07276
9.11013
8.7641
9.07985
9.05657
9.39233
9.46194
9.00127
9.24774
8.80394
8.67232
9.26368
9.18697
9.14783
8.94915
9.2061
9.61143
9.39792
9.16033
9.15672
9.20065
8.91759
9.38357
9.10443
9.54599
9.38876
9.54341
9.02368
9.25783
9.20709
8.95829
9.35355
8.93167
8.88177
9.37576
8.81827
9.34349
9.04953
8.97795
9.21133
9.24597
9.17196
8.77768
9.37942
9.27029
8.85569
8.74599
9.1006
8.76337
9.1382
9.35417
9.25874
9.21744
9.55125
8.87429
8.8457
9.4797
9.22321
9.25528
8.60652
9.46351
9.57492
8.78384
9.18094
9.35476
9.26958
9.61276
9.16059
9.10687
9.27978
9.2232
8.93212
9.37781
9.78012
9.09572
9.42076
9.11362
9.37721
9.14799
9.02661
9.41317
9.07439
9.60575
9.01916
9.43067
9.0217
9.32807
9.16133
9.3304
9.36245
9.29768
9.26745
9.0869
9.64079
9.40397
9.57597
9.06088
9.03366
9.3962
9.64149
8.96525
9.35018
8.99952
9.44453
9.18888
9.40858
9.07859
9.25636
9.04292
8.54852
9.07928
8.81279
9.32884
9.22711
9.02465
9.18211
9.22286
9.22624
9.41024
9.12653
8.88891
9.33455
9.23628
9.42149
9.4455
9.1855
9.15197
9.16539
9.77746
9.09029
9.37844
9.78376
9.19168
9.21836
9.2705
9.15653
9.40386
9.21269
8.92137
9.14305
9.19833
9.12327
9.27391
9.19091
9.35115
9.24156
8.87958
9.14459
9.3854
9.21271
9.26828
9.21843
9.29792
9.07227
9.36425
9.40643
9.2308
9.45118
9.28671
9.34729
9.41272
9.23636
8.74191
9.02018
8.96156
9.27362
8.95502
9.06278
9.32941
9.48409
9.15436
9.27725
9.21201
9.69474
9.207
8.53711
9.35099
9.1608
9.02945
9.00669
9.05832
9.10988
9.04799
9.33902
9.08065
8.55847
9.34421
9.25312
9.02794
8.98096
9.1579
8.716
9.17204
9.14113
9.47102
9.44281
9.23686
9.34166
9.07824
9.01559
9.09895
8.69291
9.27832
8.83447
9.21531
9.45744
9.30172
8.97372
9.07077
9.50144
9.16444
9.26399
9.25935
8.76733
9.18993
9.14689
9.09188
9.25456
9.14546
9.23007
9.20049
8.80398
9.42946
9.49088
9.30337
9.44986
9.27746
9.48444
8.81433
9.14186
9.0454
9.16569
9.12073
9.42048
9.82446
9.17024
9.22875
9.02934
9.39586
8.98065
9.53115
9.44939
9.06173
9.04394
9.03628
9.80409
9.02421
9.1634
9.60955
9.16503
9.26705
9.2179
8.89339
8.96529
9.48336
9.42495
9.13335
8.91272
9.34542
9.3452
9.2442
9.31106
9.66647
8.80299
8.85849
8.97668
8.94222
9.7344
9.15209
9.52203
9.39032
9.54561
9.23855
9.236
9.06025
9.04796
8.96863
9.76185
9.09113
9.59221
8.95956
9.30602
9.05543
9.46238
9.50054
9.11603
9.21388
9.47996
9.09105
9.27322
9.13813
9.48764
8.95114
9.27253
9.16659
9.41982
9.05713
9.27053
9.38089
8.88639
8.96198
8.93608
9.32186
9.2982
9.00526
9.36491
8.93075
9.03098
8.89684
9.00474
9.35502
8.99588
9.52545
9.66328
9.29314
9.08863
9.06719
9.14393
8.96544
9.48986
8.97185
8.86196
9.10165
9.05139
9.29949
9.17993
9.66792
9.29944
9.02217
9.05107
9.04162
9.15323
9.18244
9.33865
9.36516
9.28971
9.35321
8.89106
8.87376
9.12758
9.16375
9.02802
9.17584
9.12888
9.17752
8.84366
9.22402
9.11519
9.19263
9.02225
8.75518
9.21731
9.37106
9.23894
9.29511
9.03464
9.52931
8.9617
9.52708
9.19169
8.94993
9.52818
9.12268
9.05292
9.41568
8.99911
9.01993
8.74672
9.46102
8.90476
9.39954
8.77845
8.91756
9.17271
8.98425
9.12445
8.8611
9.33837
9.0817
9.00917
8.8006
8.72785
9.19584
9.19013
9.08576
9.32114
9.19248
9.22542
8.977
9.0826
9.52443
9.38225
8.85746
9.09587
9.22616
9.10186
9.20051
9.05202
9.30555
8.83989
9.35972
8.65175
9.01276
9.20236
9.26757
9.34132
9.00265
9.2427
8.92343
9.24126
8.70434
8.66478
9.70554
9.21369
9.16829
9.06943
9.12793
8.63357
9.08491
9.26982
9.16034
9.01244
9.30878
9.47657
8.82786
8.88089
8.7103
9.5153
8.97699
8.87063
9.10275
9.13428
8.96819
8.95323
9.0509
8.78917
9.08949
9.13501
9.03619
9.29661
9.41897
8.7825
8.86976
8.88777
9.01405
9.27343
9.13758
9.48928
9.36196
8.91596
9.42122
9.32454
9.0522
9.18397
8.71039
9.09152
8.98144
9.0793
8.54489
9.40344
8.90408
8.98624
9.29906
9.38647
9.11769
9.22907
9.35093
9.39064
9.25803
8.63111
9.48866
8.95078
9.1863
9.40388
9.57705
9.43376
9.23222
9.0819
8.96018
8.79184
9.42899
8.80908
9.10237
9.42976
9.35677
9.23593
8.9236
9.34471
9.20598
9.39573
9.02563
8.93627
8.61183
8.90484
8.63845
9.24169
9.21142
9.07766
8.8077
9.28375
9.41893
9.1932
8.93436
8.73179
9.29586
8.77126
9.12499
8.84551
9.18042
9.28794
8.81746
9.33728
9.22114
9.2195
9.58268
8.89435
8.86277
9.37787
9.09495
8.73679
9.31531
8.94519
9.44772
9.34624
9.5749
9.14031
9.28025
9.43256
9.13769
9.46288
8.85295
8.87538
9.18547
9.78395
8.99999
8.93437
9.28694
9.53201
9.16368
9.47828
9.24978
8.96562
9.32465
8.84966
9.50982
9.25707
9.38436
9.09944
9.33978
9.1572
8.9726
9.25605
9.18031
9.79089
9.16286
9.39394
9.46974
9.22225
9.41474
9.48369
9.59386
9.17933
9.21955
8.84405
9.41107
9.54674
9.49694
9.3408
9.43489
9.35604
9.20445
9.45802
9.24791
8.89863
9.23075
9.42081
9.05108
9.36272
9.46041
9.63436
9.32566
8.95828
9.28209
8.95132
9.20972
8.58661
9.13735
9.13568
8.99553
8.93693
9.08837
9.00258
8.92976
9.03176
9.27307
9.18375
8.624
8.38478
9.28109
8.94677
8.79896
9.04548
8.88238
9.20141
8.77501
8.93234
8.88922
8.90587
8.82538
8.83219
9.20592
8.91214
8.88036
8.86371
8.74072
8.87713
8.76713
8.94922
8.65356
9.16745
8.94681
9.13469
8.58211
8.9386
9.19869
8.75953
9.05309
8.8984
8.93744
9.16429
8.89804
8.9761
8.95816
9.13252
8.57864
8.81194
9.54479
8.97764
8.84649
8.93332
9.29251
9.23416
8.90031
9.07005
9.09492
9.10349
8.99613
9.32389
8.86324
9.02615
8.9856
9.2761
9.23958
8.91884
9.12527
9.08882
8.94431
8.82311
9.09695
8.83593
9.08926
9.12192
9.06382
9.03096
8.9935
9.07492
9.01531
9.00709
9.47749
9.6095
9.12493
9.26988
8.82939
9.42612
9.32207
8.87481
9.21381
8.54075
9.13153
8.74753
8.99837
9.00479
9.29829
8.86259
8.98037
9.36169
9.25075
8.91792
9.14521
8.99462
9.06022
9.14087
8.66199
8.73534
9.0733
9.26347
9.25725
9.40807
8.95638
9.27289
9.10332
9.09268
9.0577
9.2927
9.19952
9.06553
8.85773
9.10706
8.98061
9.18741
9.01772
9.12036
8.61012
9.0073
9.08577
9.2341
9.02401
8.98573
8.94592
8.57496
8.99603
8.81652
9.18578
9.09819
9.02852
9.42832
9.00602
8.92964
8.90767
9.04529
9.07532
8.74561
9.40344
9.1559
9.08038
8.96506
8.88811
8.82964
9.3447
8.9831
8.5375
9.09805
9.11213
8.94899
8.55717
9.34222
9.16876
8.82974
9.29556
8.85556
8.98828
8.96519
8.97675
8.88027
9.07346
9.24592
9.34101
9.10393
8.64593
9.35151
9.09649
9.17902
9.48792
9.60155
9.49381
9.16969
9.34471
9.31927
8.80117
9.23187
9.30111
8.98113
8.61606
8.84689
9.19623
9.09363
9.41338
9.11397
9.51561
9.2055
9.00087
9.63645
8.98227
9.13188
9.35205
9.57749
8.85746
9.14772
9.53929
9.02382
9.2613
9.29323
9.5209
8.98182
9.30043
9.459
9.21012
9.22382
9.20429
9.01203
9.00557
9.69851
9.15008
8.85577
9.07346
9.06153
8.80415
9.05657
9.36914
8.9817
9.36129
9.09202
9.05812
9.21941
8.98265
8.85488
9.29361
9.07196
8.91326
9.06026
9.09624
9.18663
9.25512
9.03271
8.87777
9.09757
8.99465
9.05578
9.1928
9.5666
8.91922
9.08685
9.30416
9.21199
9.28987
8.83556
9.26717
8.95542
9.38494
8.96642
8.90565
9.19674
9.20954
9.41838
9.25856
9.05965
8.89393
9.45854
8.4545
8.93002
9.18183
9.21139
9.2389
9.26187
9.20219
9.03464
9.07726
8.87997
8.95362
9.17582
8.87108
8.90764
9.45292
8.80079
8.98783
9.2454
8.76219
8.70565
8.94758
8.91627
9.23226
9.19646
9.25177
9.61724
9.65732
9.45008
9.47289
9.17196
8.86436
9.311
9.43907
9.14828
9.10474
9.51336
8.86768
9.46174
9.34858
9.50626
9.23697
8.96898
9.27895
9.42788
9.47541
9.2431
9.18374
9.13234
8.88786
8.75301
9.22409
9.29523
9.52559
9.08078
8.87911
9.6877
9.01714
9.73585
9.52699
9.40064
8.95613
9.31616
9.51041
9.19202
9.09096
9.37688
9.04324
8.94402
9.32326
9.57442
9.12532
9.08736
8.88272
8.97888
9.294
9.26547
9.00561
9.16949
8.89867
8.75916
9.23153
9.5812
9.12493
9.32551
9.06027
8.87895
8.70663
9.15086
9.09404
8.90725
9.11451
8.96556
8.87135
9.01793
9.09097
8.6086
8.97616
9.15365
8.70254
9.04756
8.98456
8.76871
9.52879
9.21968
9.17276
9.04254
9.36831
8.61332
8.91799
9.3277
9.1709
9.28366
9.34841
9.17526
9.21627
9.02091
9.25265
8.92369
9.09221
8.63149
8.55814
9.13261
8.76563
8.9116
9.12842
9.00796
9.19535
9.50722
9.59646
9.19534
9.31676
9.1441
9.52392
9.27978
9.01735
9.02439
8.97031
9.47195
9.07091
9.41669
9.35585
8.75464
9.02581
8.9883
9.41677
9.00757
9.00634
9.15608
8.99864
9.21362
8.99316
9.11374
8.99885
9.2587
8.93159
9.12406
8.80346
9.2283
9.03274
9.14379
9.4393
9.29091
9.04209
9.02265
9.18562
9.30532
9.19234
9.37132
8.92742
9.0732
9.23678
8.65156
8.76915
8.95209
9.29621
9.27001
9.11445
9.16441
9.13112
9.30688
9.42175
9.10512
9.05169
9.33045
9.10855
8.79262
9.23223
9.0518
9.04704
8.90378
9.25199
9.48226
8.53429
9.06569
8.79236
9.23869
9.22203
9.08611
9.33984
9.04992
9.06398
9.11888
8.99818
8.92327
8.67042
8.74872
9.17499
9.15272
8.9727
8.90859
9.02142
9.21028
9.14242
9.29609
8.96857
9.07216
9.16565
9.21144
8.95711
9.3319
9.08026
9.30354
8.95127
9.12553
9.50369
9.16155
9.21515
9.17117
9.15791
9.16951
9.42212
9.22173
9.38315
9.16591
8.75895
9.09013
8.72614
9.19204
9.39819
9.45638
9.31405
9.49419
9.01968
9.23539
9.30513
9.30981
8.99265
8.88815
9.32264
9.07601
9.02977
9.12525
8.7268
9.00761
8.93821
9.08568
9.15244
9.41079
8.95765
8.75437
8.45911
8.96194
9.20844
9.03468
9.14992
9.61482
8.96421
9.17231
9.38518
8.93022
8.69727
9.3672
8.84535
9.07133
9.06967
8.9838
8.89741
8.69659
8.98203
8.8364
9.19501
9.26851
9.15773
9.15439
8.94254
9.24515
8.77477
9.08714
9.13514
8.79446
9.31896
9.1387
9.16503
8.95931
8.99246
9.38697
8.70691
8.98113
8.96966
9.29877
8.70849
9.14473
9.18108
8.97448
9.18679
8.88818
9.30313
9.25167
9.04532
9.04322
9.38791
9.72612
8.86657
8.68191
8.98698
9.07214
9.03835
9.13419
9.41595
9.01099
9.14971
9.19064
8.95771
9.43174
9.05079
9.32071
8.93931
9.10928
9.1452
9.10238
9.04915
9.17789
8.99074
8.93719
9.02174
9.21516
8.56771
9.19232
9.39552
9.24901
8.89254
8.97072
9.25043
8.76288
8.75206
8.79962
8.89335
8.99203
8.76392
9.0152
8.82602
8.93321
9.17832
9.11443
9.14428
9.32328
9.06307
8.82612
9.26485
9.40412
8.74007
8.69357
8.97604
9.20817
9.39245
9.07425
9.21276
8.81032
9.25173
8.94687
9.01013
9.42642
9.22946
8.89612
9.48784
8.69379
9.34291
8.85129
9.4887
8.7647
9.28423
9.21846
8.85273
9.04675
8.97475
9.07925
8.98971
9.45931
9.39247
9.32724
9.2002
8.86103
9.06782
8.81144
9.25652
8.76274
9.2227
9.01832
8.86018
8.89407
9.20741
9.17756
9.23186
9.29737
9.04769
9.19723
9.14568
9.40604
9.06752
9.45835
9.53264
9.10248
9.30568
9.49613
9.14505
9.55476
9.14968
8.8942
9.54061
9.32974
8.90648
9.32941
9.20534
9.29106
9.13943
8.99103
9.38764
9.36761
9.25098
9.36365
9.23029
9.66721
9.29243
9.1478
9.31948
9.30929
8.92357
8.91867
9.34686
8.86824
9.09237
9.14334
9.22907
9.11249
9.01283
9.01095
9.28818
9.21489
8.96177
9.38129
8.89854
9.12096
9.21527
9.10977
8.62684
9.08458
9.06295
9.41577
9.15477
9.39839
9.35999
9.54849
8.65782
8.66711
9.4181
9.15211
9.31673
9.58052
9.23487
9.76288
8.62717
9.53425
9.04457
9.31357
9.32701
8.59833
9.8846
9.13767
9.31487
9.44402
9.38205
9.29522
9.23791
9.53304
9.30193
9.33256
8.95
9.18813
9.2081
8.92484
9.22778
8.98927
9.17618
9.39603
8.88129
9.18524
9.63496
9.60378
9.2761
8.94609
9.27604
9.36672
9.25929
9.29254
9.3156
9.14669
9.20073
8.99047
9.24618
9.49345
9.04944
8.98718
9.11762
9.25389
9.40765
9.43389
9.10648
9.17989
8.81155
9.24901
9.42427
9.06452
9.22333
9.27768
9.00409
9.4286
9.13189
9.19335
8.77658
9.41982
9.03127
9.28441
8.94384
9.5897
9.11905
9.37047
9.32376
9.06181
9.18922
8.6321
9.01519
9.4324
9.14833
9.16822
9.26207
9.49346
8.80979
8.64937
9.46142
9.31239
9.2877
9.09569
9.12679
9.26706
9.1448
8.93907
8.90125
9.14736
9.10369
8.87798
9.5501
9.40775
9.17827
9.43115
9.06993
8.94526
9.4628
8.79595
8.87573
8.77726
9.44913
8.90056
9.05818
8.85213
9.08612
9.2214
9.03047
9.16015
8.76425
9.01084
8.79091
9.17839
8.8984
9.29373
9.49575
9.29715
8.96828
9.44552
9.4666
8.98237
9.00961
9.29286
9.17137
9.38947
8.7683
8.76826
9.69014
8.9759
9.19198
8.92797
9.29936
9.27986
9.3822
9.07856
9.00316
9.46545
9.02458
8.72024
8.98459
8.91401
9.1681
8.49512
9.33656
8.80499
9.20446
9.46084
8.88995
8.93784
8.91792
9.51243
9.03571
9.0591
9.10139
9.05635
8.93531
8.7793
9.21208
8.84566
9.49795
9.22299
9.15372
8.91571
8.93285
9.04286
9.16613
9.31639
8.90047
8.88762
9.63339
9.25843
9.08818
8.90056
8.87119
9.00203
8.50291
8.57459
9.24905
8.48487
8.81157
8.6516
8.85308
8.82966
8.91073
9.11606
8.70756
8.5952
8.75918
8.80123
8.52013
8.87317
8.79019
8.82327
9.11244
8.92797
8.71134
8.67957
8.92576
9.1533
8.65573
8.71079
8.6512
9.10647
9.12392
8.72752
9.11793
9.10145
9.03022
8.77996
8.72458
8.44679
9.09498
8.80952
8.85452
8.97849
9.02342
8.99162
8.97329
8.69752
9.32344
9.1962
9.46371
9.02758
9.3021
8.94118
8.8176
9.04306
9.394
8.93584
9.22951
9.10423
9.22169
9.07879
8.69598
8.82717
8.7255
8.8514
9.01692
9.43584
9.01572
9.25057
9.23183
8.7972
8.99339
9.18182
9.45773
8.8656
9.16053
9.05441
9.30138
9.18277
9.49413
8.62468
9.21934
8.99675
8.70637
9.4704
9.1359
9.0712
9.16074
8.96231
9.05164
8.79892
9.26056
9.06807
9.29022
8.78722
9.1376
8.93257
8.95528
9.3381
8.6598
8.96646
8.69549
8.8102
8.95259
8.97396
9.1363
8.65199
8.65576
9.27975
9.18791
8.92319
9.12407
9.26746
8.66148
9.40162
9.03218
8.4468
9.31344
9.23034
8.93745
8.90848
8.83026
9.43489
9.61075
8.94782
8.9451
8.90729
9.31809
8.7489
9.42987
8.58686
9.04179
9.34133
9.21066
9.1861
9.12641
9.36841
8.81775
9.07581
9.24935
9.23804
8.94146
9.23909
9.11015
9.19734
9.17031
9.19766
9.46538
8.90964
9.4978
9.54051
8.7347
9.2579
8.95905
9.15767
9.31824
9.60441
8.86079
8.8935
9.26905
8.77349
8.70416
9.06706
8.94828
9.30142
8.86872
8.95803
8.90278
9.15958
8.81358
9.21713
8.73662
9.35564
9.48796
8.91074
9.27162
9.17674
9.18418
8.78238
8.80086
9.46994
9.07168
8.94233
8.9712
9.22109
9.185
9.19855
9.26364
8.70292
9.1501
8.81537
8.63414
9.23149
9.1035
8.95003
9.23873
9.22193
8.90597
8.97128
8.82722
9.00758
8.63764
9.08706
8.67156
9.28834
8.85474
9.25476
8.96337
8.84148
9.36698
8.91768
9.29426
8.80042
9.06754
8.76702
9.38769
9.626
8.98622
8.80505
9.08783
8.99449
8.69984
9.03727
9.21838
9.00665
9.58376
9.17234
9.34529
9.17282
8.86199
9.28781
8.91041
9.64625
9.22753
9.30222
9.58372
8.96726
9.32465
8.99636
9.16763
8.95662
9.14317
9.0613
8.8653
9.53137
9.12826
9.35066
8.83295
9.42235
9.16895
8.92028
9.887
9.44453
9.4851
9.53677
9.29247
8.99323
9.57237
9.30648
9.14147
9.29647
9.37689
8.93861
9.35439
9.41677
9.37877
9.07607
8.87332
9.12253
8.89754
8.72373
9.43343
8.88521
8.84541
8.57769
8.63239
8.82559
8.6086
9.11233
9.07723
8.82082
8.83835
8.92035
9.12277
9.15253
9.25418
9.09118
9.33257
9.05516
9.11892
8.96913
8.98948
9.11488
9.14453
9.02692
8.46348
8.57581
9.28291
9.21745
8.66117
9.02665
9.17033
8.92184
8.71751
9.16411
8.96971
8.85924
8.82202
8.70233
9.26538
8.36811
8.90448
8.9783
9.05593
9.39238
9.01031
9.05899
9.07338
9.16258
9.10231
9.10277
8.98888
8.96165
8.86596
8.78572
9.03612
9.21535
9.18304
8.69195
8.68699
9.29137
9.30871
9.00764
9.14751
8.75021
9.12665
9.13707
9.13428
8.49334
9.00394
8.80843
9.09615
8.91337
9.06089
9.07864
9.24895
9.04271
9.05581
8.77175
9.22274
8.83508
8.8945
8.67536
8.98473
8.5028
8.8492
8.75688
9.20214
8.88611
9.53825
9.10424
8.40614
9.02889
8.96722
9.08886
8.75311
9.00586
9.41365
8.95281
9.07299
8.77442
8.94876
9.15269
9.11183
9.64772
8.89952
9.11447
8.94703
8.93763
8.9021
9.15172
9.19842
8.9526
8.99013
9.46621
9.15424
9.20304
9.37193
9.57293
9.2703
9.23666
9.13497
9.23515
9.66312
9.20589
9.44934
8.92161
9.21671
9.02101
8.88534
8.92179
9.02685
8.89685
9.145
9.08291
9.14793
8.91173
8.91441
9.03774
8.61007
9.44005
8.9083
9.17811
9.04179
9.51794
8.80648
8.98962
8.63622
9.39997
9.03096
9.47979
8.92549
8.65117
9.55133
9.46305
8.81971
8.96585
8.91077
9.15816
8.53413
8.73538
9.04482
8.91399
8.83347
8.99627
9.17149
8.90899
9.08533
8.70535
9.09675
9.07993
8.88746
8.90525
8.74269
9.36947
8.98158
9.16771
8.92265
8.90116
8.88001
8.86964
8.69453
9.02081
8.73073
8.86948
9.24218
9.52942
9.27939
9.42354
8.72373
9.23748
9.12977
9.2627
9.54561
9.37739
8.96147
9.12699
9.25818
9.45186
9.29046
9.08029
9.32544
9.65701
9.47
9.47514
9.27866
9.00258
9.0275
8.90365
9.03313
9.51504
9.0326
8.66999
8.67747
8.62522
8.87989
8.63199
8.85401
8.95695
8.3963
8.77698
8.80705
8.9981
8.17887
9.20881
9.34344
8.97501
9.12194
9.51972
8.85602
8.36091
8.81832
9.225
8.80222
9.19179
8.63569
8.7956
8.78367
8.53638
9.09754
9.16222
8.45916
9.53533
8.90685
9.1704
8.85481
9.01219
9.04609
8.90248
8.8341
9.0639
9.24392
8.98569
8.96134
9.23092
9.4254
8.84028
9.13799
9.06818
8.84538
9.37953
8.74916
8.71889
9.26349
9.00439
9.09588
9.09093
8.89999
8.94051
9.02065
9.07716
9.21296
8.63469
9.2284
8.97812
9.17864
9.0757
9.12778
8.81355
8.82216
9.3647
9.34288
9.02956
9.4086
8.98752
8.67814
9.17402
8.5786
9.11283
8.79441
8.87975
9.24516
9.05467
9.1734
9.24772
8.99805
9.12317
9.11781
9.25866
9.04255
9.38789
8.73578
9.09928
9.20368
8.91889
8.9493
8.95119
9.01304
8.87283
9.39748
8.88978
8.84481
9.17671
8.97412
9.31409
9.06792
9.21022
8.77113
9.15868
9.06894
8.87697
9.03463
9.08235
9.35945
9.05184
9.01099
9.4665
8.89461
8.9532
9.16357
9.55962
9.00466
8.9664
8.95198
8.63648
9.27458
9.24208
8.81799
9.14573
8.86076
9.17044
8.82384
9.19622
8.62718
9.10315
8.99248
9.06535
8.91605
9.16929
9.39818
8.55429
9.3411
9.09632
8.90053
9.15659
8.62763
8.6159
9.12623
8.95012
8.80967
9.19164
9.36971
9.3137
8.86452
8.73647
9.22067
9.2286
9.01861
9.07649
9.28673
9.3846
9.46092
9.17384
9.01064
9.37572
9.5978
8.68591
9.12637
9.27153
9.43926
9.0396
8.78469
9.17682
9.09527
8.77675
8.91859
9.13577
9.01472
8.74185
9.20121
9.02688
8.89057
8.7996
9.42266
9.09965
9.17255
8.99186
8.79898
9.36908
8.98105
8.94216
9.28797
9.12257
9.027
9.00555
9.1363
8.96863
9.06387
9.45771
9.14269
8.61692
9.22874
9.57069
8.9313
9.30347
9.21808
9.07978
9.19794
9.31183
9.16754
8.92062
8.88911
9.02571
9.21985
9.21215
8.69888
8.70193
9.14336
8.80021
9.02692
9.49843
9.19904
9.21812
9.128
8.87451
9.53358
8.80085
8.91293
8.9823
9.15656
8.80044
9.10888
8.85727
9.0217
8.81641
9.01971
9.0728
9.09576
8.90258
9.12037
8.9371
8.69356
8.89388
9.24408
8.9774
8.97001
8.80553
9.07615
8.70895
9.34143
8.5809
8.73759
8.80557
8.8711
8.74253
9.13732
8.79181
8.61596
8.88004
9.05056
8.9693
9.25299
9.25727
9.11042
9.18455
9.40629
9.52016
9.37565
9.21361
9.3906
9.19186
8.56054
8.86869
9.26654
9.32001
9.12066
9.3959
9.46403
9.33434
9.52172
9.09707
9.04685
9.33071
9.20422
9.54988
9.10066
8.92396
9.37119
9.40485
9.05331
8.64649
8.97884
9.11005
9.03255
9.13545
9.48379
9.18256
9.31127
9.016
8.98965
9.20301
9.26801
9.02282
9.31254
9.02771
9.22347
9.02308
9.38892
8.93912
9.37338
9.14305
8.82669
9.40545
9.21872
8.80107
9.42882
9.41502
9.17732
9.30586
9.35424
9.13338
9.04271
9.02143
9.38214
8.89483
9.35526
9.02612
8.84971
9.17095
9.37788
9.22949
9.23658
8.60566
9.18882
9.12493
9.20481
8.88853
9.12954
8.68389
9.09528
8.8614
8.66825
9.27457
9.24196
8.88676
9.36173
9.41301
9.39256
9.37321
8.81683
9.3765
9.02811
8.60192
9.20818
9.56606
8.8644
9.24791
9.17668
9.2633
9.38956
9.35101
8.9034
8.66305
9.47543
8.95907
8.7534
9.41695
8.8799
9.52444
9.1477
9.24859
8.39627
9.59225
9.46039
8.61462
9.37558
8.95566
8.83852
9.57531
9.24945
9.11821
