1.13687
1.06909
0.770469
0.799927
1.05046
0.9995
0.746434
1.0633
1.54785
1.18357
0.779847
1.38589
1.15107
1.12475
1.23483
1.17537
1.19125
0.938898
1.51338
0.948707
1.26267
0.622688
1.32161
0.901481
1.36947
1.37071
0.892465
1.40743
1.59434
1.08304
0.851201
1.31523
1.26233
1.34978
1.26184
1.10405
1.10754
0.833631
0.798648
1.03561
1.2711
1.29371
0.988221
1.04998
1.06772
1.23429
1.44103
1.28633
0.991752
1.44909
1.12283
1.30067
0.784913
1.18751
1.48002
1.11196
1.1331
1.34855
0.855334
1.54269
1.34693
0.812057
0.908169
0.832646
1.14798
0.687883
1.34411
1.30853
1.08959
1.40658
1.20223
1.47524
1.00061
1.02501
1.04159
1.24687
1.04872
0.976895
0.888833
1.50409
1.55287
1.06264
1.26292
1.67722
1.35648
0.901487
0.933264
1.45263
1.43498
1.08343
1.40822
0.947132
1.19488
1.15415
1.25408
1.4723
1.19509
1.12323
0.819502
1.06972
1.10104
1.38631
1.40166
1.5546
0.977206
1.41523
1.49377
1.36605
1.00643
1.38522
1.28454
1.27335
1.45285
1.09357
0.922973
1.29573
1.1806
1.52023
1.44795
0.932854
1.31956
1.41167
0.995761
1.42165
1.09411
1.33035
1.36995
0.972372
1.16821
1.50897
1.20983
1.21928
0.981098
1.37461
1.26816
0.996801
1.52528
1.17235
1.09329
1.48941
1.13992
0.818265
0.81238
1.89114
1.49138
1.53065
1.27336
1.53457
1.2005
1.25454
1.16014
1.6842
1.29227
1.52502
0.906139
1.12592
1.28048
1.00961
1.20522
0.986898
1.21601
1.04074
1.53965
1.29984
1.79214
1.37233
0.880809
1.45829
1.2669
1.62124
1.08678
1.19305
1.37975
1.30374
1.63589
1.12867
1.34657
1.23046
1.24724
0.978977
1.14914
1.03727
1.65771
1.04302
1.3283
1.25656
1.57288
0.767915
0.965697
1.51179
1.12484
1.10784
1.80097
1.23735
1.08952
0.987058
1.14976
1.24086
1.32154
1.15107
1.52995
0.849403
1.51508
1.76727
1.42972
1.26252
1.2403
1.60003
1.49585
1.31453
0.966228
1.19024
0.964804
1.57267
1.57219
1.2646
0.785798
1.43512
1.12955
1.42868
1.34846
1.12878
1.29485
1.71549
1.36276
1.15091
1.32669
1.65215
1.34454
1.08269
1.20956
1.0975
1.19472
1.64663
1.25929
1.62359
1.73905
1.35106
0.956523
1.35059
1.39272
1.73728
1.21853
1.29978
1.51251
1.24249
1.48539
1.25272
1.83127
1.29712
1.26089
1.32126
0.96479
1.0587
1.50362
1.36937
1.40284
1.24696
1.02867
1.69421
1.30197
1.53194
0.741628
0.787927
1.28606
0.97182
1.98365
1.28036
1.02476
1.159
1.1382
1.41045
1.29275
1.03067
1.19448
1.56081
1.15562
0.672355
1.29053
1.62105
1.13011
1.42993
1.39093
1.39805
1.48831
1.23642
1.24683
1.11421
1.36573
1.37975
1.07271
1.50772
1.23671
1.1031
1.13607
1.36993
1.24931
0.841097
1.2265
1.5931
1.65001
0.691371
1.42339
1.45693
1.42289
1.3023
1.3887
1.30931
1.14309
1.52355
1.02463
1.70131
0.758973
1.4775
1.21399
1.11386
1.39473
1.33884
1.52882
1.3315
1.08689
1.1909
1.64196
1.15099
1.60378
1.48271
1.36722
1.30999
1.09013
1.02319
1.25759
1.62182
1.23481
1.16863
1.30971
1.22258
1.46408
1.70439
1.45979
1.41544
1.72707
1.34365
1.52496
1.12632
1.41484
1.57953
1.3328
1.27152
1.56956
1.04343
1.30548
1.59631
0.991458
1.19436
1.1601
1.58218
0.95716
1.34729
1.4224
1.33116
1.67343
1.35815
1.44323
0.871842
1.31092
1.35949
1.37323
0.947948
1.10258
1.1786
1.65978
1.50379
1.09807
1.38359
1.75924
1.55514
1.14422
1.35115
1.42579
1.55387
1.01501
1.49466
1.19463
1.12362
1.29984
1.36823
1.53278
1.48397
0.813909
0.955163
1.01732
1.11999
0.953604
1.28286
1.38018
1.23425
1.36596
1.18194
1.44496
1.2837
0.932995
1.516
1.42719
1.21834
1.7857
0.977562
1.35587
0.862338
1.11182
1.07456
1.66284
1.34216
1.11416
1.79086
1.78686
1.22579
1.29149
1.22673
1.31363
1.3439
1.73529
1.08785
1.02823
1.2956
1.21023
1.30078
1.44648
1.22417
1.26387
1.49506
1.39614
1.33201
1.35877
1.40343
0.928737
1.35496
1.32434
1.44549
0.706449
1.03771
1.4114
1.54089
1.38413
1.27126
1.19939
1.48943
1.49809
1.19588
0.873329
0.748108
1.09186
0.990988
1.62227
1.24371
1.15689
1.47418
1.45164
1.5578
1.13303
1.16582
1.09999
1.46802
1.05848
0.942698
0.758133
1.33307
1.76835
1.08149
1.58147
1.83702
1.54903
1.15328
0.764448
1.69928
1.65231
1.34655
1.39531
1.31756
1.28029
1.02734
1.34413
1.64854
1.20995
1.21758
1.37988
1.16063
1.03132
0.913159
1.43394
0.724542
1.50099
0.993007
1.39669
1.13058
1.05797
0.994169
1.33578
0.636398
1.49837
1.04135
1.0399
1.0635
0.757287
1.24768
1.56714
0.58815
1.3607
1.38243
1.48515
1.28096
0.950491
0.925379
1.39898
1.09725
1.45166
1.33082
1.11133
1.12502
1.36252
0.777088
1.5264
1.54452
1.59253
1.11645
1.49543
1.01832
0.990139
1.47112
0.832078
1.16772
1.52028
1.30328
0.741467
1.28313
1.37365
1.371
1.35772
1.08525
1.20983
1.38149
0.959735
1.15702
0.953782
0.651441
1.25395
0.995759
1.27119
1.21845
0.870837
0.917594
1.26757
1.45892
0.882525
0.959967
0.925989
0.774145
1.37672
1.07144
0.675829
1.41171
1.45893
1.16571
1.32368
1.42606
1.31404
0.875256
1.15742
1.25997
1.29074
1.49279
1.1429
0.854505
1.19141
1.28123
0.958567
1.22261
1.21903
1.45367
1.31826
0.985749
0.83471
1.31228
1.23063
1.48404
1.24887
0.936597
1.51001
1.06076
1.25187
1.47641
1.21634
1.33666
0.93665
1.3189
1.12335
1.31334
0.872816
1.50033
1.37803
1.05899
1.27458
1.40651
1.3398
1.39221
1.07718
1.38566
1.29975
1.69908
1.32899
1.1631
1.19522
0.786742
1.15965
1.34728
1.15113
1.19531
1.35181
1.3756
1.12906
1.46334
1.42842
1.11433
1.13017
0.930897
1.28386
1.15611
0.814702
1.47434
1.25372
1.28545
1.30771
1.12252
1.55862
1.23713
0.837942
1.29132
0.92997
0.747619
0.857546
1.06056
1.62317
1.28556
1.15923
1.23658
1.07934
1.28359
0.984668
1.31846
1.29156
1.02949
1.162
1.21893
1.62774
1.53603
1.36692
1.64402
1.67146
1.1253
0.921787
1.04167
1.27264
1.23064
1.19891
1.6398
1.16231
1.36567
1.28567
1.12114
1.30374
1.41623
1.0729
1.25151
1.1197
1.13616
1.19017
1.08305
1.0927
1.19118
1.1836
0.888873
1.09778
0.774943
0.957825
1.24792
0.869717
1.17557
0.713761
1.03102
0.586978
0.957277
1.23289
0.890025
0.989548
1.21779
1.20312
0.993204
1.15976
0.959161
0.931193
1.08399
0.773465
0.793343
1.07032
1.18168
1.07446
1.18306
1.08829
0.758886
0.895942
1.00892
1.24932
1.38313
0.919365
1.00256
1.11858
0.961272
1.05352
0.840395
1.27616
1.25127
0.996611
0.984284
1.00166
0.581041
1.12128
1.1328
0.904954
0.775747
0.704048
1.20402
0.753104
1.04746
1.06375
0.861489
1.11246
0.832344
1.24207
1.08645
0.780627
0.969472
1.03773
0.898786
0.605024
0.934097
1.0208
1.26567
0.832007
0.962081
1.31105
1.29705
0.90656
1.11528
1.05613
1.28905
1.01337
1.09972
1.02879
0.947357
0.840859
1.22348
0.928489
1.17334
0.745139
0.679605
1.25772
0.963694
1.28495
1.09306
1.10984
1.47161
1.1085
1.12017
1.46874
0.902887
1.3991
1.02281
1.37001
1.13486
1.18968
1.21992
1.48177
0.954324
1.33232
1.31542
1.30502
1.08998
1.22726
1.20795
1.20094
1.21346
1.51445
1.36023
1.19386
0.886491
0.786986
1.03388
1.42595
1.41679
1.55255
1.15619
1.38721
1.19399
1.31514
1.45959
0.838551
1.39071
1.4345
1.23423
1.13283
1.14885
1.62615
1.56647
1.26893
1.4737
1.28545
1.41731
1.06019
0.886311
1.30793
0.869844
1.17918
1.09544
1.14676
1.74968
1.29342
1.24274
1.41576
1.13162
0.9837
1.18227
1.33957
1.02705
1.36003
1.11485
1.14283
1.80478
1.14748
1.34464
1.51124
1.52085
1.04063
0.823991
1.33166
1.18391
0.93519
1.10934
1.39712
1.14385
1.44807
1.26013
1.11368
1.33824
1.25882
1.30927
1.2578
1.34433
1.72787
1.15338
1.4574
1.54704
0.879297
1.71493
1.30442
1.50352
1.66132
1.1296
1.45056
1.48319
1.05211
1.26866
1.34627
1.47834
1.5089
1.43672
1.31766
1.48314
1.63203
1.38296
0.837403
0.752056
1.60279
1.01907
1.10864
1.52674
1.54765
1.55726
1.21705
0.996846
1.41319
1.45542
1.53137
1.67257
1.30283
1.17227
1.05718
1.07766
1.57317
1.22043
1.27561
1.23964
1.4973
1.84486
1.53436
1.42672
1.36293
1.05707
1.18288
1.33885
1.33667
1.07331
1.34708
1.43227
1.51348
1.76349
1.42491
1.38503
1.52974
1.05689
1.54545
1.45659
1.5098
1.50719
1.53653
0.753012
1.38608
1.24844
1.04086
1.09716
1.80015
1.53633
1.22507
1.28894
1.43702
1.27743
1.37351
1.20676
1.44171
1.69546
1.47193
0.629552
1.61793
1.28547
1.0525
1.3325
1.56495
1.61535
1.32331
1.13949
1.13702
1.30414
1.0938
1.20504
1.07841
1.36153
1.23799
1.00657
1.34775
0.879202
1.2727
1.63931
1.0629
1.18101
1.33233
1.62614
1.41597
1.05949
1.02465
1.34102
0.875947
1.32733
1.30232
1.23813
1.11393
1.40439
0.961464
1.11125
1.68202
1.48417
0.996375
1.25873
1.48999
0.956568
1.56997
0.67001
1.18056
1.49762
1.00041
0.876892
1.39375
1.61001
1.51597
1.15857
1.21559
1.32043
1.53
0.843913
1.07338
0.955451
0.773694
1.08022
1.15921
1.49201
1.65837
1.03975
1.04726
1.42625
1.3746
1.27792
1.05248
1.16463
0.98812
1.72856
1.05482
1.15519
1.47873
1.43838
1.34642
1.4094
1.30934
1.42459
0.985697
1.23591
1.35552
1.44542
1.39435
1.04694
1.20763
1.54853
1.21357
1.50285
1.33428
1.03148
1.62559
1.32799
1.62711
1.38615
1.42608
1.54487
1.33213
1.39453
1.12979
1.64997
1.35149
1.60124
0.846017
1.69908
1.39014
1.299
1.57775
1.30034
1.58757
1.60848
1.05029
1.1178
1.71756
1.33992
1.61343
1.20377
1.41278
1.47717
0.76318
1.02393
1.29565
1.48601
1.47162
1.28615
1.13481
1.13593
1.59835
1.76131
1.49047
1.36982
1.8564
1.45459
1.51702
1.28191
1.6014
1.67349
1.47442
1.38765
1.67941
1.14032
1.52015
1.54713
1.02383
1.39678
1.28144
1.71218
1.21334
1.63008
1.58371
1.37891
1.7994
1.52728
1.69229
1.06551
1.52421
1.51773
1.44274
1.46646
1.26137
1.28751
1.77671
1.36105
1.11875
1.41283
1.69724
1.47486
1.08905
1.43201
1.56536
1.49055
0.996497
1.61903
1.30494
1.34383
1.31965
1.56145
1.64327
1.30318
1.2263
1.03688
1.67347
1.63712
0.748415
1.34629
1.50859
1.08073
1.75956
1.3609
1.45639
0.989101
1.05208
1.32929
1.51748
1.00908
1.48372
1.49512
1.42
1.02811
1.49822
1.23466
1.37352
1.16853
1.63929
1.22329
0.728868
1.38878
1.51083
1.36393
1.65756
1.3525
1.72461
1.35693
1.74321
1.30225
1.4221
1.17796
0.967963
1.21915
1.47012
1.62064
1.22369
1.33499
1.0851
1.83806
1.48723
1.05866
1.50968
1.10747
1.22447
1.43484
1.44737
0.737116
1.40026
1.41702
1.57024
1.16739
1.02019
1.1232
1.18952
1.64498
1.13116
1.11138
1.16154
1.31757
1.26327
1.1738
0.87722
1.30536
1.27279
1.17271
1.44032
1.48416
1.23647
1.1067
1.27146
1.19791
0.946918
1.33226
1.28394
1.51414
1.11268
1.11606
1.12531
1.13621
1.36974
1.2205
1.60556
1.44137
1.42283
1.01791
1.39669
1.35354
0.935692
1.31947
1.07214
1.35639
1.48811
1.18012
1.51184
1.53832
0.879696
1.29561
1.57801
1.49791
1.40349
1.02387
1.49733
1.20638
1.44105
1.51851
1.59538
0.896973
1.07968
1.06472
0.945534
1.44549
1.0839
1.13836
0.839942
1.55442
1.46071
1.75245
1.23683
1.28195
0.919827
0.826236
1.30471
1.24623
1.62657
1.25822
1.24013
1.30076
1.11581
1.60236
1.03741
0.632308
1.34885
1.18675
1.05429
1.15229
1.39816
1.84217
1.2637
1.35464
1.56325
1.1588
1.42506
1.31137
1.68701
1.19278
1.73237
1.26406
1.54253
1.61627
1.38532
1.3156
1.67064
1.24365
1.31828
0.798726
1.24346
1.43302
1.50557
1.12027
1.59378
1.31617
1.58877
1.27854
1.62097
1.35127
1.11057
1.26473
1.31539
1.6298
1.41531
1.05015
1.22293
1.52044
1.08274
1.22237
1.30407
0.944605
1.53874
1.21009
1.40197
1.50228
1.37483
1.36573
1.37719
0.605064
1.47248
1.27727
1.20677
1.20988
1.56376
1.43837
1.34596
1.57651
0.824974
1.12106
1.3022
1.31606
1.07581
1.39731
1.63474
0.69715
1.65439
1.31864
1.16273
1.60022
1.49232
0.645493
1.29155
1.32313
1.22992
1.37588
1.35219
1.30163
1.3032
1.05742
1.04334
0.988487
1.07453
1.27019
0.837236
1.67587
1.45993
1.03101
1.15331
1.32505
1.40295
1.1327
1.17361
0.91139
1.34865
1.60846
1.12054
1.12541
1.30034
1.59277
1.02342
1.7135
1.63015
1.50618
1.14651
1.04327
1.25702
1.83202
1.33499
1.39981
0.999348
1.04813
1.31237
1.54459
1.45973
1.01476
1.58275
1.27626
1.39632
1.47202
1.10605
1.67191
1.06023
1.24214
1.05283
1.08123
0.977047
1.554
1.13133
1.27278
1.54435
1.53928
1.35568
1.5653
0.968727
1.22206
1.01173
1.69319
0.904783
0.925974
1.30571
1.34665
1.39294
1.54312
1.13487
1.42268
1.46032
1.50921
1.11809
1.4662
1.1018
0.9096
1.14104
1.33144
1.24378
1.14467
1.16216
1.33062
1.63832
1.55021
1.11856
1.11338
1.22523
1.26753
1.32242
1.20486
0.814211
1.33801
1.2928
1.29426
1.25601
1.17184
1.2977
1.40358
1.37041
1.25993
1.27108
1.37558
1.21954
1.17443
0.843637
0.9166
1.19736
1.26442
0.987438
1.50357
1.49882
1.19379
1.03928
1.234
1.42279
1.16212
1.3667
1.40644
1.42007
1.29027
0.784312
1.1229
1.2086
1.21341
1.08749
1.48673
1.33856
0.827247
0.99188
1.50664
0.962246
1.09656
1.35393
1.31049
1.44345
1.03811
1.12093
1.11324
1.48993
1.34923
1.14055
0.919649
1.68583
1.24195
1.16255
1.58111
1.44864
0.810787
1.41721
0.751952
1.41733
1.74068
1.44969
0.796337
1.13843
1.29344
1.45744
1.66078
1.25271
1.3425
1.13028
1.13926
1.27916
1.61673
1.36077
1.16395
1.26041
0.928286
1.13843
1.45854
0.871459
0.988186
1.36452
1.0495
1.46913
1.23197
1.33266
1.31282
0.784301
1.03062
1.24566
1.61197
1.09714
1.07873
1.42377
0.648605
1.70441
1.3987
1.23573
1.47747
1.3028
1.23811
1.13537
0.846716
1.3621
0.65351
1.40613
1.18293
1.23474
1.35457
1.29965
1.02865
1.25956
1.47098
1.28229
0.94694
1.31213
1.28783
1.25779
1.38599
1.18312
1.24056
1.42632
1.24057
1.05283
1.11897
0.809564
1.52053
1.16942
0.909678
1.21054
1.43985
0.982202
1.56272
0.929459
0.92048
0.857398
1.11814
1.10818
1.39122
1.64518
1.23347
0.981114
1.4334
0.870369
0.786406
1.00045
1.86413
1.33154
1.2662
1.26562
1.28263
1.31456
1.13599
1.00004
1.67624
1.49016
1.22498
0.788971
1.23136
1.06365
1.15268
1.16798
1.09222
0.846362
1.03369
1.39356
1.03912
1.4657
1.47273
1.0232
1.22598
0.962802
1.3484
1.39873
0.916392
1.06456
1.28879
1.45721
0.830461
1.4095
1.08421
1.41441
1.14679
1.06184
1.27541
1.69337
1.28965
1.42776
1.04284
1.70644
1.08888
0.876799
1.35644
1.2067
1.09461
1.79894
1.07856
1.25528
1.18611
0.771708
1.52301
1.10925
0.989392
0.885733
1.14034
1.23406
1.42518
0.759783
1.37394
1.27075
1.42135
1.19287
0.871318
1.02721
1.44013
1.19299
1.20933
1.31822
1.21135
0.814828
1.2124
0.758167
1.57855
1.47415
1.55378
0.961615
1.44986
0.789145
1.25337
1.31607
1.00889
1.30148
1.47373
1.34288
0.994569
1.37052
1.32601
1.23164
1.50022
1.17741
1.00269
1.37056
0.963973
1.10275
1.2045
0.866998
1.50201
1.04086
1.14817
1.12543
0.913314
1.06594
1.2355
1.53556
0.807965
1.15431
1.10737
0.687695
1.38354
1.136
0.684805
1.47497
1.17073
0.981998
1.2422
1.3593
1.035
0.671413
1.28633
1.1819
1.00916
1.40043
1.39924
0.68324
1.07038
1.26913
0.735118
1.11148
1.19066
1.37424
1.18863
1.5124
1.4573
1.56867
1.41894
1.4537
1.21442
1.45168
1.28604
1.08912
1.24103
1.68367
1.47574
1.33761
1.50845
1.33377
1.44881
1.8077
1.73477
1.32727
1.63139
1.09141
1.28368
1.71481
1.2367
1.12872
0.935769
1.88842
1.56365
1.9877
1.62986
1.45356
1.16209
0.998818
1.46029
1.72334
1.70509
1.24378
1.0463
1.28089
1.31407
1.38769
1.13247
0.919228
1.38104
1.38787
1.4708
1.28837
1.3819
1.85777
1.24121
1.31313
1.46698
1.20136
1.42496
1.23865
1.73452
1.08567
1.82262
1.41922
1.79803
1.60788
1.5199
1.5043
1.49372
0.977826
1.77986
1.15335
1.66378
1.19887
1.78887
1.26722
1.30506
1.42075
1.52252
1.58944
1.84395
1.15106
1.52706
1.17178
1.29503
1.38074
1.19302
0.955449
1.05881
1.23943
1.2141
1.42872
1.37927
1.19379
1.41954
1.08868
1.3165
0.904464
1.19455
1.59875
1.21817
1.22811
1.31328
1.06264
1.07555
1.4078
0.922107
1.18302
1.38086
1.41462
1.18466
1.12958
1.37362
1.15129
1.19293
1.47434
1.28573
0.756716
0.900911
1.57155
1.20588
1.40218
1.50704
0.952582
1.29708
1.27009
0.951158
0.873251
0.972909
1.15588
0.615213
0.989848
1.5669
1.34054
1.29369
1.36992
0.82546
1.06283
1.18747
1.12315
1.22181
0.962832
0.740431
1.03871
1.49902
1.46783
1.06888
1.68461
1.80562
1.26722
1.0968
1.15696
1.27141
1.54792
1.26873
1.50627
0.92138
1.20741
1.09814
1.13338
1.42895
1.24961
1.19813
1.10132
1.32181
1.23533
1.24822
1.67253
1.31443
1.17172
1.33035
1.75842
1.64003
1.20717
0.602896
1.69157
0.927062
1.27145
1.35819
1.45792
1.08788
1.56634
0.951883
1.21747
1.5122
1.41074
1.08792
1.35772
1.14848
1.17669
1.49005
1.11683
0.9096
1.29442
1.08097
1.15148
1.36409
1.28308
1.20768
1.65681
0.922015
1.03957
1.58026
0.76941
1.20233
1.28413
1.05822
1.32781
1.25738
1.4649
1.29128
0.908024
0.989907
1.44108
1.58181
1.44186
1.30138
1.39833
0.973066
1.82168
1.2268
1.09272
1.15105
1.35104
1.00976
1.5751
1.16128
1.13262
0.774715
1.18111
1.43051
1.40035
1.59967
1.58972
1.07763
1.3559
1.17675
1.27718
1.11194
0.929045
1.60722
1.50484
1.29404
1.03664
1.27417
1.25826
0.994479
1.4028
1.49276
0.759312
1.04153
1.29637
1.32331
1.33153
1.25476
1.10376
0.860026
0.903579
1.07049
1.11246
1.39972
1.24028
1.18742
1.03136
1.23784
1.24358
1.50969
1.14158
1.02175
1.39556
1.05695
1.47764
0.948525
1.27173
1.10151
1.3421
1.18287
1.08172
1.05784
1.2711
1.31315
1.0105
1.15541
0.716549
1.29358
0.979721
1.49965
0.93567
0.846971
1.30971
1.01647
1.66096
0.873028
0.965256
1.00568
1.27074
1.00234
1.0642
0.725622
1.29467
1.39608
0.906056
1.14079
1.5053
1.29558
0.856347
0.936095
1.30617
1.19441
0.997181
1.31035
1.16253
0.8906
1.08038
1.1609
1.26392
1.21924
0.904602
1.06635
1.35707
1.26894
0.895567
1.4905
1.32722
1.18069
1.34567
1.08888
1.162
1.02645
0.832446
1.47044
1.30479
1.07013
1.44901
1.62763
0.973655
1.29208
1.2714
1.46154
1.20024
1.47679
1.48957
0.659024
1.47184
0.991084
0.92804
1.57912
1.27498
0.657533
1.23309
1.26752
1.50718
1.2637
1.07957
1.33219
0.956692
0.91619
1.18436
0.846506
0.726958
1.19167
1.03145
1.44147
1.36552
0.927711
0.902529
1.26021
1.17349
1.0579
0.98894
0.9185
1.09149
1.42178
0.829701
0.980775
1.1012
1.39836
1.0456
1.53486
1.3944
1.45594
1.1191
1.16541
1.08592
1.56283
1.34831
0.957683
1.19642
1.09281
1.05546
1.36617
1.17239
1.08317
1.36837
1.39867
1.42756
1.55358
0.773278
1.15775
1.62185
1.55233
1.33758
1.18777
1.27237
1.08957
1.37578
0.712126
0.94259
1.26694
1.16689
1.40166
1.30007
1.32831
0.819834
1.19453
1.17617
1.27293
1.68231
0.946773
1.058
1.24219
0.935449
1.07287
1.1552
1.35711
1.5871
1.11149
1.18599
1.23607
0.671324
1.61383
1.37797
1.12919
0.997313
0.9428
1.15678
0.981482
1.04286
1.38653
1.22325
1.30692
1.06291
1.37868
1.52529
0.957167
1.24934
1.27774
1.01512
0.865789
1.20775
1.30546
1.547
1.25356
1.14257
1.5724
1.39002
1.14123
1.26878
1.39901
1.37068
1.32109
1.42419
1.25908
1.42402
1.04159
1.37056
1.17889
1.4231
1.05935
0.866335
1.54754
1.54905
0.950747
0.654226
1.3147
1.16039
1.7475
0.953747
1.25417
1.10429
1.494
1.3345
1.44344
1.60826
1.24095
1.2874
1.15394
1.12617
1.0297
1.28886
1.85068
1.44051
1.42582
1.60455
1.37915
1.4085
1.48245
1.26678
1.59447
1.35548
1.30966
1.16412
1.41751
1.23671
0.828389
1.25092
1.06924
1.33501
1.28169
1.59833
1.10687
1.43786
1.55291
1.20936
1.33057
1.05899
1.22635
1.24058
1.1973
1.29923
1.41258
1.39288
1.09899
1.52003
1.32173
1.22205
1.08098
1.45796
1.40693
1.54048
1.28076
1.54539
0.770163
1.61981
0.934349
1.33769
1.37603
0.939773
1.27105
1.68078
1.07289
1.39937
0.997476
1.03582
1.66265
1.51088
1.33955
1.33212
1.24924
1.09324
1.4328
1.26858
1.62747
1.60784
1.38322
1.20924
1.53543
0.886841
1.76719
1.64748
1.8346
1.29123
1.60438
1.20449
1.16063
1.72111
1.14137
1.40406
1.72918
1.39277
1.08466
1.49239
1.49235
1.61345
1.51732
1.248
1.41501
1.21412
1.04479
1.28052
1.25096
0.96662
1.60196
1.28916
1.31941
1.41002
1.06919
1.13917
1.5192
1.44683
0.7628
1.27866
1.32108
0.70038
1.57139
1.24506
0.992944
1.59632
1.32793
1.24256
1.471
1.33759
1.42717
0.976022
1.5009
1.25676
1.32206
1.53435
1.19183
1.07981
1.26598
1.42612
1.06427
1.25519
1.36962
1.44191
1.53723
1.34791
1.82157
1.38744
1.36341
1.15669
1.49141
1.18877
1.29876
1.06126
1.16492
1.04294
1.21759
1.33642
0.991391
1.53317
0.803982
1.06422
0.793479
1.61109
1.68001
1.3706
1.0506
1.36385
0.645998
1.00799
1.1937
1.44929
1.51538
1.28964
0.980158
1.08917
1.00639
1.6629
1.3262
0.974478
1.11809
0.956838
1.05661
1.16261
1.56961
1.46549
1.06946
1.41022
1.25099
1.60533
1.51676
1.02181
1.41254
1.37615
1.45954
1.12741
1.34152
1.32125
1.61686
1.28326
1.19663
1.34787
1.56227
1.03099
1.09637
1.56376
1.53042
1.14276
1.33325
1.46373
1.50529
1.11563
1.69482
1.33811
1.23964
1.11219
1.08773
1.04149
1.58585
1.147
1.43931
1.36149
1.03859
0.938979
1.41164
1.27059
1.38615
1.58458
1.16273
1.2477
1.50958
1.21212
0.766166
1.36468
1.58677
1.4836
1.28113
1.4495
1.13306
1.2355
1.28566
1.39548
1.65691
1.45062
1.0557
1.1799
1.23998
1.11798
1.3675
0.963206
1.1271
1.40406
1.2176
1.42556
1.13946
1.11328
1.57692
1.12433
0.896825
0.786768
1.32447
1.52762
0.929512
1.25518
1.14326
1.53594
1.24501
1.53682
1.38655
1.24801
1.37167
1.22731
1.20166
1.32836
1.15834
1.60902
0.6186
1.30522
1.29614
1.40041
1.20784
1.24356
1.42398
1.50533
0.64641
1.5011
1.31885
0.972251
1.38925
1.34227
1.70552
1.07964
1.34391
1.49052
1.74852
1.45874
1.57254
1.61921
1.1933
1.53721
1.19428
1.52827
1.27745
1.61245
1.75313
1.32653
1.65086
1.65556
1.33113
1.61245
1.60922
1.37268
1.47781
1.428
1.49817
1.38582
1.52433
1.48703
0.825321
1.18331
1.14736
1.53087
1.33759
1.58429
1.19307
1.31894
1.75284
1.35996
1.21288
1.24177
1.01107
1.18158
1.28193
1.40192
1.35784
1.4488
1.27905
1.57243
1.58954
1.21402
1.30251
1.74299
1.5116
1.43667
1.29577
1.6485
0.5974
1.52108
1.14329
1.48619
1.36477
1.05571
1.47482
1.51519
1.10648
1.54492
1.17708
1.3659
1.22049
1.60867
1.30176
1.46627
1.42576
1.48792
1.06458
1.04009
1.17454
1.2308
1.3904
1.31189
1.57162
1.16573
1.45957
1.65677
1.41711
1.47719
1.10816
1.55025
1.41042
1.72238
1.14432
1.29458
1.16715
1.82254
1.24397
1.37549
1.59892
1.1473
1.32438
1.0719
1.49686
0.897328
1.34199
1.27869
1.86797
1.45483
1.10093
1.44818
1.30485
1.67475
0.856469
1.22289
1.19893
1.54652
1.39118
1.30615
1.06945
1.60172
1.3062
1.14755
1.56448
1.61357
1.33314
1.02717
1.0746
1.27691
1.21709
0.769466
1.37424
1.51158
1.06753
1.23955
1.46498
1.5011
1.19871
1.18223
1.44513
1.4533
1.28748
1.23186
0.915213
1.41142
1.26757
1.0716
1.34636
0.739183
1.256
1.45705
1.29868
0.759612
1.32053
1.40692
1.03737
1.42657
1.18207
1.32054
1.50931
1.44727
0.735562
1.42892
1.39143
1.06497
1.22362
1.3454
1.10875
1.4002
1.05026
0.975377
0.986501
0.964623
1.35542
0.75372
1.4314
1.33344
0.950124
1.10701
1.08013
1.50268
0.988747
0.995605
0.766002
1.11864
1.43815
1.11268
0.98385
1.44094
1.46158
1.08325
1.31612
1.54918
1.37881
1.00264
1.17422
1.12321
1.52684
1.26816
1.30344
0.736611
1.02631
1.35742
1.31923
1.30521
1.16605
1.48972
0.917143
1.69103
1.03275
1.61588
1.41134
1.40872
1.15971
1.48708
0.99866
1.41324
1.49721
1.48462
1.3058
1.39097
1.04235
1.27921
1.60567
1.09123
0.937889
1.18345
1.0435
1.18995
1.24265
1.31033
1.3343
1.60418
0.822693
1.12964
1.51918
0.896229
1.18647
1.28944
0.972136
1.22802
1.27486
1.33514
1.31455
0.954019
0.990012
1.49341
1.45989
1.34094
1.23952
1.49125
0.885737
1.66688
1.24149
1.09246
1.2533
1.43217
1.14122
1.59592
1.15825
1.21947
0.755399
1.181
1.4545
1.34698
1.59481
1.52106
1.16872
1.39265
1.2194
1.15543
1.11067
1.14413
1.40878
1.60446
1.04006
1.39181
1.08887
1.14361
1.4104
1.3831
1.42373
1.2097
1.10232
1.19282
1.27219
1.26514
1.82219
1.31049
1.28783
1.1522
1.44202
1.62922
1.24355
1.03731
1.40079
1.68648
1.66852
1.14795
1.62505
1.25057
0.985159
1.34508
1.11568
1.0101
1.0777
1.43427
1.14668
1.43911
1.7994
1.4346
1.54249
1.43007
0.960169
1.2682
1.33649
1.31952
1.46002
1.32749
0.586679
1.39637
1.45061
1.20529
1.12603
1.56002
1.64639
1.52786
1.34859
1.48193
1.21319
1.60733
0.928625
1.16409
1.51661
1.3749
0.867397
1.72034
1.43944
1.18113
1.17249
1.10869
1.09425
0.932365
1.032
1.26193
1.58708
1.18029
0.910694
1.28606
1.22402
0.937541
1.22971
1.52451
1.05024
1.11343
0.854505
0.806675
1.35466
0.869138
1.04106
1.38557
1.31827
1.46158
1.26731
0.999781
1.08863
1.11292
0.703938
1.1625
1.04841
0.837544
1.23661
1.24438
1.39031
1.46254
0.961894
0.957811
1.22051
1.21005
1.43786
1.11197
1.22849
1.08331
1.63729
0.708296
1.20358
0.918848
0.999262
0.958917
1.37258
1.04646
1.20243
1.00713
1.30774
1.06493
1.29996
1.23787
1.09525
1.36804
1.31171
0.697
1.51884
0.88578
0.828093
1.37107
1.28465
1.30719
1.34971
1.13052
1.66981
1.23628
1.12433
1.68615
1.26452
0.468848
1.19111
1.78716
1.51693
1.2577
1.34338
1.47042
1.47301
1.33543
1.33058
1.88362
1.49752
1.32234
1.25538
1.34829
1.16305
1.43922
1.08937
1.23926
1.36049
1.24788
1.69783
1.34554
1.64286
1.49019
1.06354
1.32069
1.11554
1.74902
1.49154
1.25393
1.28936
1.27986
1.82812
1.23228
1.44047
1.33802
1.18263
1.17072
1.08768
1.19078
1.47145
1.18004
1.59546
1.13978
1.45552
1.243
1.31673
1.34437
1.31208
1.28933
1.75079
1.09514
1.20533
1.54022
0.981585
0.781547
1.36176
1.42354
1.62092
1.29857
1.35666
1.11254
1.25635
1.34273
1.51546
1.65319
0.62779
0.869458
1.35797
1.37748
1.20523
1.17445
1.52527
1.6091
1.5887
1.35538
1.36681
0.975141
1.50945
1.44258
1.40653
1.04845
0.941983
1.41911
1.31112
1.45856
1.41759
1.30147
1.5011
1.26648
1.58108
1.60482
1.24337
1.26825
1.47275
1.28048
0.682209
1.15658
1.18766
1.39042
1.13861
1.20797
1.63384
1.42987
1.31784
1.37991
1.52749
1.37646
1.33396
1.32711
1.55463
1.50341
0.696209
1.57625
1.33611
1.24029
1.30764
1.11452
1.39972
1.39389
1.43097
1.34579
1.25945
1.30531
1.14938
1.52963
1.45914
1.44863
0.742514
0.844528
1.17203
1.26683
1.51713
1.03711
1.33414
1.18969
1.61577
1.15909
1.11999
1.28458
1.25769
1.30381
1.31974
1.1601
0.613226
1.16435
1.16961
1.5264
1.17674
1.01295
1.14171
0.824659
1.59875
1.32866
0.802174
0.819129
1.46522
1.01221
0.915709
0.927451
1.15061
1.41706
1.17184
1.18845
1.60122
1.3365
1.21443
1.12142
1.172
1.14819
1.16635
1.16156
1.47465
1.12557
0.946569
1.3559
1.15224
1.32958
1.15674
1.20009
0.921369
0.926918
1.23434
1.50642
1.34127
0.877954
0.973323
1.31301
1.45113
1.50922
0.992203
1.51332
1.24451
1.10476
1.16291
1.39347
1.50657
1.38846
1.29562
1.32414
1.06828
1.46431
1.04645
0.778446
1.3139
1.00357
1.41168
1.17822
1.45221
1.53323
1.08479
1.4205
1.4806
1.49989
0.978961
1.33857
1.47742
0.995608
1.62941
1.18911
1.13366
1.63354
1.08481
1.05243
1.3475
1.24358
1.14327
0.56379
1.25461
1.39211
1.1434
1.01729
1.43904
1.11836
1.36496
1.18216
1.33222
1.3502
0.971735
1.27734
1.169
1.3003
1.46418
1.32323
1.35454
1.40136
1.35618
1.30717
1.66627
1.53727
1.15667
1.64283
1.30126
1.45658
1.26714
1.05746
1.77683
1.5042
1.4134
1.73485
1.23737
1.73973
1.49667
0.851545
1.43769
1.15404
1.17343
1.03331
1.34363
1.86508
1.55425
1.64034
1.56612
1.32186
1.2125
1.39177
1.51698
1.47841
1.23107
1.27909
1.30271
1.98338
1.51364
1.42989
1.73594
1.91527
1.19187
1.01898
1.22756
1.56339
1.28835
1.09179
1.80786
1.26016
1.5701
1.37948
1.30887
1.70436
1.40757
1.28464
1.2218
1.28145
1.38823
1.39706
0.893466
1.24926
1.20514
0.871474
1.69516
1.20786
1.10149
1.32407
1.24769
0.834807
1.21026
1.22317
1.0337
1.29588
1.0683
1.1374
1.23821
0.711438
0.752508
1.12168
0.927309
1.22874
0.811768
1.28662
1.33314
0.788451
0.866408
1.24875
1.26785
0.757698
1.02547
1.10702
0.752525
1.53373
1.20745
1.00693
1.41808
1.33006
1.01872
1.49519
1.22126
1.22659
0.611659
1.09678
1.03053
1.41558
1.26041
1.33386
0.63035
0.975313
1.37587
1.10856
1.12037
1.07775
1.33051
1.23598
1.31903
0.96738
0.985137
0.954304
1.93898
1.21988
1.50685
1.14255
1.13497
1.16709
1.07148
1.14616
1.35644
1.45061
1.50467
1.08796
1.29015
1.3211
1.39122
1.02504
0.916478
1.23182
1.09935
1.01187
1.22664
1.80028
1.79973
1.17671
1.32722
1.38935
1.31682
1.58677
1.23225
1.40931
1.54717
1.80656
1.06464
1.53865
1.25805
1.36377
1.18728
1.66558
1.3276
1.45197
1.13424
1.13355
1.33143
1.6726
0.947723
1.36772
1.58338
1.47764
0.989902
1.93019
1.36965
0.819737
1.42316
1.30608
1.22907
1.5431
1.60248
1.49249
1.31423
1.33018
1.42409
1.06268
1.35719
1.61027
1.16441
0.772486
1.16594
1.52246
1.65257
1.44776
1.28195
1.08772
1.36008
1.1372
1.42999
1.17545
1.21808
1.067
1.53089
1.53573
1.38265
1.40232
1.39547
1.119
1.33046
1.41004
1.36073
1.67796
1.16406
1.02887
1.23927
1.29475
1.36769
0.896737
2.00525
1.83777
1.12469
1.19805
1.0424
1.27052
1.53729
1.11065
1.81791
1.43692
1.02368
0.974758
1.37693
1.4264
1.17228
1.11133
1.51458
1.16854
0.815393
1.7683
1.64998
1.35386
1.40728
1.34961
0.86727
1.09632
1.16322
1.445
1.58338
1.0365
1.03358
1.33784
0.818496
1.4936
1.44464
0.949257
1.00546
1.19841
1.2157
0.95223
1.42921
1.56599
1.26707
1.50402
1.20813
1.3167
1.56926
1.12665
1.40067
1.51567
1.29782
0.953913
1.50982
1.2394
1.6412
1.17884
1.38932
1.54801
1.66162
1.26023
1.24621
1.43722
1.81368
1.08749
1.45094
1.41367
1.37217
1.09745
1.80243
1.35166
1.32654
0.974424
0.848434
1.00768
1.55855
1.27775
1.27056
1.08075
1.24556
1.20501
1.12806
1.08462
1.60492
1.30793
1.17602
0.955548
1.07369
1.06501
1.26226
0.792394
0.910573
1.16578
0.921186
1.36778
1.08734
1.42435
1.36627
0.770072
1.00851
0.928264
1.50083
1.18647
0.913658
1.09132
0.980696
1.61305
1.09248
1.22243
1.27445
1.0911
1.08027
0.968365
0.974365
1.29813
0.847857
1.33448
0.899314
1.23131
1.02468
1.06994
1.11318
1.13447
1.18873
1.49857
0.887358
1.07325
1.29499
0.877939
1.89074
1.62594
1.69222
1.2936
1.59616
1.07091
0.754999
1.23099
1.66581
1.74687
1.3279
0.882015
1.3502
1.03459
1.46689
1.30543
0.82303
1.05924
1.20994
1.41763
1.22754
1.58437
1.74286
1.2203
1.61627
1.53155
1.38937
1.3944
1.3159
1.64692
1.25993
1.71718
1.08351
1.59076
1.47077
1.46423
1.23956
1.27747
1.16429
1.75654
1.09767
1.4317
1.53514
1.78232
0.989464
1.18186
1.48179
1.57148
1.17525
1.92772
1.42709
1.16886
1.10106
1.01426
1.58803
1.4551
1.35368
1.34039
1.57862
1.65722
1.35598
1.26653
1.52175
1.32559
1.97508
1.43187
1.15662
1.7932
1.36539
1.44691
1.55412
1.22587
1.56705
1.22692
1.09061
1.31055
1.36394
1.26481
1.49962
1.6699
1.31185
1.44039
1.42171
1.14121
1.34531
1.44701
0.923941
1.71603
1.59094
1.3197
1.73857
1.84026
1.02078
1.03248
1.40361
1.54463
1.17861
1.83118
1.97447
0.891814
1.36924
1.54392
0.385631
1.3955
1.58296
1.5999
1.57883
1.75562
1.18778
0.950777
1.74642
1.47482
0.802623
1.14567
1.29739
1.58416
1.54918
1.30791
1.54782
1.1979
0.829558
1.17826
1.19003
1.01985
1.19998
1.12166
1.70285
1.62118
1.09859
0.988741
1.51631
1.26371
1.16554
1.28387
1.09963
1.29363
1.76685
1.17089
1.14496
1.35585
1.45829
1.12828
1.92887
1.55706
1.36084
1.1203
1.11529
1.21941
1.69188
1.44415
1.4057
1.19711
1.20855
1.28081
1.46834
1.42548
0.938572
1.70406
1.64137
1.15286
1.34751
1.48571
1.59625
1.39662
1.5962
1.46347
1.61912
1.58392
1.44187
1.15525
1.52783
1.47955
1.56616
1.43072
1.10808
1.57663
1.40314
1.4832
1.34344
1.35446
1.42156
1.05
1.74902
1.68218
1.27215
1.20266
1.60916
1.25297
1.02067
1.18994
1.27267
1.33341
1.21342
1.31294
1.76011
1.24514
1.39881
1.49895
1.34819
1.15305
1.43012
1.60452
1.56727
1.36393
0.990842
1.44056
1.2182
1.44585
1.42137
1.22129
1.21975
1.40067
1.11838
0.883896
1.22338
1.46844
1.67045
1.21595
1.22199
1.23695
1.41745
1.04802
1.11696
1.01787
0.535336
1.07325
1.1984
1.52286
1.49301
1.06818
1.22864
1.35931
1.44427
1.21649
1.10253
1.12062
1.1949
1.45558
0.831654
0.89287
1.38115
1.24989
1.14033
1.34833
1.45012
1.19909
0.938148
1.07756
1.40432
1.13369
1.18043
1.12876
1.35089
1.44707
0.829686
1.36398
1.35698
0.907358
1.42049
1.29713
1.23212
1.35334
1.09521
1.03003
0.945305
1.31837
1.55349
0.866124
1.27063
1.23851
0.783459
1.21357
1.32215
0.958907
0.987033
1.12019
1.44173
1.32719
0.94623
0.615731
1.12683
1.27197
1.47956
1.03715
1.14045
1.30563
1.52318
1.12391
1.16103
0.921726
1.38343
1.05079
1.76822
1.37144
1.08252
1.02371
1.02468
1.03521
1.40596
1.44693
1.55756
1.26507
1.07929
1.09842
1.28685
0.928417
1.09216
1.4192
1.56205
1.28305
1.37633
1.34116
1.27436
1.17987
1.1492
0.984429
1.12187
1.55768
1.337
0.968549
1.4141
1.11539
1.04772
1.15023
1.51255
1.4048
1.07084
1.28531
1.10958
1.54933
1.52307
0.987773
1.48401
1.46265
1.35293
1.34272
1.45121
1.30999
1.64289
1.30668
1.43152
1.36151
1.48834
1.02971
1.09763
1.38228
1.50456
1.14357
1.57988
1.47139
1.30277
1.30944
1.59425
1.17331
1.4399
0.882655
1.25838
1.26107
1.60104
1.82227
1.37298
1.20552
1.30412
0.946156
1.49396
1.0737
1.02541
1.03222
1.17137
1.41043
1.31594
1.28542
1.80449
1.28346
1.43108
1.62237
1.15324
1.5216
1.37849
1.69784
0.976567
1.79772
0.932471
1.54836
1.41679
1.28788
1.26174
1.3798
1.04799
1.56258
1.05987
1.56139
1.4864
1.62246
1.32202
1.22009
1.41301
1.70553
1.05395
1.75431
1.25522
1.10749
1.32991
1.20852
1.04831
1.27828
1.25126
1.13316
1.15296
1.08413
1.19618
1.07329
0.914346
0.566532
0.609462
1.01242
0.644968
1.44025
1.24651
0.881981
1.09996
1.20599
1.26102
0.883205
0.911315
0.730068
1.15525
1.19804
0.752197
0.738857
1.18628
1.51886
0.904275
1.44132
1.56267
1.41331
0.965357
0.795358
1.27409
1.5945
1.17763
1.09797
0.946015
1.01315
1.00724
1.29136
1.36864
0.95767
1.26028
1.10931
1.29017
1.55346
1.66215
1.44428
1.42225
1.45359
1.28669
1.02953
1.41999
1.04202
0.796506
0.976306
1.53801
1.65808
1.38049
1.28977
1.53046
1.15167
1.25833
1.33086
1.32173
1.59752
1.25157
1.22255
1.11844
1.57684
1.59359
1.19124
2.10645
1.92461
1.05397
1.05013
0.742994
1.44647
1.48827
1.28458
1.86876
1.29801
1.26287
1.21921
1.19311
1.59921
1.18554
1.36295
1.64971
1.58848
1.66115
0.799486
1.56094
1.09184
1.13887
1.38815
1.63767
1.06951
1.37981
1.36447
1.88482
0.921612
0.781581
0.988948
1.0969
1.80724
1.29176
1.17739
1.17194
1.56016
1.54335
1.45595
1.06948
0.956718
1.46656
0.956223
1.75958
1.44368
1.27323
1.09199
0.989661
1.15737
1.40902
1.36552
1.64179
1.48141
0.645003
1.2979
1.34729
1.10119
1.25572
1.31246
1.74204
1.47029
1.33918
0.777815
1.71957
1.3294
1.10201
1.22187
1.37613
1.4695
0.817853
1.05377
1.40638
1.21737
1.21675
1.16053
1.47166
1.4706
1.12996
1.33569
1.16602
1.40474
1.36371
1.42494
1.4842
1.7764
1.33078
1.45217
1.59244
1.56689
1.17275
1.43781
1.32419
1.78061
1.61222
1.73396
0.773514
1.25533
1.6201
1.37307
1.21194
1.61365
1.35801
0.972666
1.3345
1.3522
1.37872
1.35265
0.950443
1.02755
1.00202
1.20806
1.12519
1.60275
1.7127
1.15071
1.39813
1.13447
1.42551
1.33683
0.839549
1.25358
1.39253
1.44405
1.1314
1.53878
1.52292
1.62682
1.4867
1.09011
1.37157
1.84393
1.2901
1.39622
1.25381
1.69754
0.921293
0.811656
1.53553
1.45051
1.34586
1.89831
1.35177
1.45988
1.08059
0.917671
1.25146
1.19782
0.931931
1.2484
1.28127
0.859066
1.26595
1.28168
1.60935
0.874454
0.44661
0.807099
1.04299
1.67713
1.3107
0.908038
1.20669
1.12463
1.56396
1.24725
1.07904
0.749271
1.4563
1.01356
1.31316
0.948177
1.43373
0.923957
1.0879
1.19153
1.41261
1.40194
1.22094
1.34968
0.984362
1.1784
1.38765
0.807023
1.20214
1.17435
1.50113
1.48206
1.23146
1.01366
0.938799
1.09277
1.43527
0.889218
0.905566
1.2968
1.14918
1.32229
1.21711
1.29471
1.33181
1.18014
1.3345
0.993967
1.23361
0.836898
1.16193
1.2582
1.36518
0.961399
1.18939
1.40965
1.32347
0.970302
1.35368
1.34332
1.46645
1.34399
1.47765
0.925704
1.26904
1.05704
1.27043
1.11627
1.25661
1.09746
0.780066
1.11867
1.2355
1.37857
1.10651
1.59292
1.35613
1.66801
1.42313
1.07159
1.27419
1.34147
1.28758
1.05143
1.33099
1.36867
1.36133
1.53455
1.05938
1.31582
1.12834
1.06509
0.880384
1.64711
1.25986
1.47565
1.19208
1.42656
0.950391
1.52434
1.02474
1.19257
1.54882
0.891008
1.05336
1.59141
1.11165
1.16794
1.0492
1.52992
0.957814
1.29046
0.908754
1.21505
1.16511
1.38223
1.45603
0.798379
0.670946
1.23013
1.22819
1.17745
1.09768
1.2398
0.852881
1.75393
1.11793
1.17092
1.20081
0.945881
0.996871
1.52087
0.899543
0.997493
0.671239
1.23459
0.851154
1.17324
1.23211
1.28524
1.09224
1.14263
1.12757
1.29599
0.818015
0.845692
1.43704
1.39757
1.07697
0.913867
0.946354
0.709504
1.26794
1.60641
1.04753
1.19324
1.25534
0.960259
0.947985
1.02179
1.27624
1.09762
1.34526
1.01085
1.24111
1.49515
1.26004
1.05503
1.49588
1.31742
1.22339
0.665697
1.0045
1.09628
1.40184
0.732025
1.34083
1.01636
1.16566
1.14818
1.39347
1.2473
1.0103
0.978641
0.987637
0.853141
1.24477
0.833424
1.3495
1.41276
1.09295
1.33159
1.31982
1.28583
1.20092
1.01009
1.03102
1.14551
1.27863
0.658718
1.09071
1.23317
1.65981
1.12487
1.24366
1.54804
1.71917
1.21241
1.20242
1.4575
1.80608
1.33875
0.949434
1.12955
1.33965
1.06043
1.56871
1.41966
1.20239
1.26414
0.941814
0.891173
0.874062
1.37339
1.11272
0.671994
0.897922
0.970098
1.32679
0.920956
0.683959
0.766546
1.05648
1.12654
0.75592
0.645991
1.08748
1.26586
0.912222
1.19848
1.30668
1.17229
0.758329
0.790314
1.08938
1.13179
1.0125
0.96487
1.11103
0.987488
0.834493
1.14798
1.06992
0.943747
1.06987
1.12816
0.951979
1.60895
1.70722
1.22767
1.12419
1.28537
1.26419
1.46236
0.934621
1.16979
1.5823
1.35229
1.22354
1.2979
1.49281
1.74549
1.42793
1.82679
1.74414
1.369
1.12583
0.729902
1.39066
1.57288
1.21487
1.56283
1.41328
1.42083
1.27719
1.53473
1.49041
1.25922
1.36905
1.45438
1.09149
1.36212
1.05686
1.07559
1.02605
1.08508
0.995425
0.816115
0.854867
1.17324
0.939613
0.941915
1.00238
1.39973
1.57942
1.08238
1.46717
1.66358
1.32254
0.953181
0.923664
1.12239
1.55119
1.15357
1.41276
0.699318
0.986474
1.25154
1.16083
1.28456
1.26796
1.10208
0.852823
1.72849
1.54161
1.32653
1.38655
1.12865
1.46408
1.324
1.55145
0.997132
1.26643
1.2349
1.4759
1.78631
1.51273
1.50775
1.50422
1.68607
1.38184
1.25018
1.7696
1.26011
1.42751
1.66329
1.72775
0.979187
1.53927
1.55989
1.12306
1.19763
1.75824
1.35395
1.11568
0.81183
1.23389
1.10416
2.06149
1.31414
1.18665
1.11835
1.39783
1.37849
1.41405
0.860353
0.975972
1.73329
1.03293
1.34307
1.56327
1.60012
1.25344
1.26196
1.4849
1.57074
1.69889
1.54888
1.32097
0.844362
1.40734
1.24028
1.20051
1.53693
1.34947
1.54501
0.756218
0.899891
1.59863
1.00646
0.764083
0.922746
0.980947
1.45687
1.10804
0.857933
0.84982
1.32433
0.849311
1.14752
0.972676
1.33768
0.757555
0.970134
1.02681
1.32363
1.20395
1.0421
1.1004
0.767351
1.11734
1.27572
0.833744
1.0369
1.14588
1.25791
0.878687
1.41609
1.29995
0.768545
0.951164
1.04704
1.50983
1.27753
1.10882
1.15047
1.39786
1.22241
1.4945
1.23696
1.16915
0.957273
1.189
0.775813
1.2573
1.47782
1.3751
1.05642
0.993491
1.37556
1.13984
0.72692
1.30841
1.44238
1.42702
1.64315
1.39711
0.550981
0.784189
1.38582
1.12041
1.24494
1.19941
1.1828
1.54272
1.28924
1.10799
1.48919
1.42118
1.22213
1.28226
0.82929
1.31313
1.28555
1.33778
1.24869
0.901315
1.38282
1.36176
0.846148
1.56779
1.16784
1.01757
1.40637
1.44637
1.63083
1.35272
1.50593
1.0401
1.64167
1.71575
1.37687
1.38524
1.95972
1.67006
1.41918
1.26441
1.53927
1.22144
1.69871
1.24157
1.61324
1.36912
1.55379
1.2892
1.60536
1.44527
1.36477
1.30417
1.38901
1.21394
1.17288
1.04317
1.31049
1.19149
0.886415
1.58198
1.34302
1.00272
1.51394
1.50044
1.38126
0.851479
1.18188
1.21744
1.39959
1.1209
1.28756
0.990376
0.923904
1.34353
1.11611
1.3972
1.23278
1.1428
1.32867
0.697467
1.19908
1.08786
1.10566
1.08098
1.20437
1.60553
1.29036
1.09686
1.39837
1.47302
1.06495
1.04963
0.950241
1.38648
1.20507
1.06674
1.13078
1.01334
1.30815
1.33611
0.969247
1.42682
1.10014
0.992562
1.40668
1.12302
1.1131
0.824559
1.25256
1.67846
1.20963
1.3624
1.75236
1.45679
1.24178
1.0147
1.1227
1.5023
1.38968
1.26395
1.08953
0.919001
1.32346
1.2726
1.28436
1.37983
1.44757
1.16255
1.64056
1.16538
1.16827
1.47495
1.21506
1.17758
1.20074
0.997176
1.35843
0.801977
1.55835
1.1706
1.31209
1.50414
1.22017
0.852051
1.32312
1.37337
1.14701
0.967214
1.30016
1.36847
1.22211
1.19097
1.15945
1.62172
1.85129
1.40805
1.56052
2.08693
1.58208
1.43815
1.28845
1.43942
1.57389
1.40734
1.67748
1.33255
1.189
1.42714
1.22883
1.53343
1.79491
1.00907
1.18369
1.032
1.07706
1.17508
0.821991
1.31138
1.42455
1.32652
1.05931
1.18977
1.22147
1.43962
1.04751
1.06462
1.23918
1.21788
0.525483
1.43417
1.19795
0.928045
1.07353
0.973661
1.22667
1.44176
0.85627
1.43428
1.62968
1.15534
0.896706
0.886641
1.3613
1.23196
1.40517
1.40435
0.980442
0.916629
1.08385
0.84192
1.31235
1.11588
1.34605
1.36698
1.51535
0.87484
1.4963
1.26919
1.60303
1.30457
1.24385
1.35087
1.7253
1.49427
1.32651
1.58095
1.05247
0.961427
1.68326
1.03675
1.16479
1.31627
1.54403
1.04172
1.6248
1.14805
0.968195
1.0062
1.68826
1.07322
0.969216
1.13217
1.54348
1.53447
1.39052
1.04279
1.50197
1.08637
1.03835
1.42781
1.51328
1.51327
1.27934
1.12538
0.814168
1.03157
1.20961
1.3806
1.09482
1.3902
1.1605
0.794433
0.706864
1.26252
1.11789
0.720768
1.09441
1.30721
1.31956
1.88461
1.40292
1.78748
1.44592
1.53425
1.52021
1.01447
1.49201
1.5218
1.49694
1.73025
1.19192
1.72212
1.3496
0.940339
1.62583
1.07212
1.72563
1.24684
1.50563
1.41335
1.19242
1.60628
1.47604
1.36965
1.81259
0.881969
1.27337
1.40664
1.56839
0.866435
1.29924
1.18169
0.763377
1.36865
1.94103
1.24355
1.29326
1.21607
0.962381
1.22633
1.14174
1.55811
1.59925
0.970971
1.07261
1.00709
1.02683
1.37762
0.892945
1.01657
1.0452
1.00313
0.993267
0.846639
1.1064
1.22512
1.47251
1.56642
1.19347
1.5808
1.28314
1.05498
1.13499
1.35223
1.51182
1.02866
1.29291
1.49779
1.17928
1.13559
1.34549
1.21155
0.923265
1.35555
1.33337
0.685225
1.39065
1.22435
1.22485
1.37919
1.73651
1.46826
1.42454
1.35166
1.07967
1.13363
1.44726
1.49401
1.56314
1.28956
1.54459
1.20757
1.0157
1.70934
1.36004
1.07528
0.896246
1.15719
1.61197
1.45979
1.26442
1.88848
1.30742
1.39239
1.33424
1.26055
1.10239
1.51228
0.866887
1.25466
1.38675
1.45501
1.09452
1.26713
1.14697
1.03256
1.28985
1.06454
1.34487
1.54197
1.24391
0.713807
1.14549
1.31298
1.3059
1.57512
1.50294
1.5661
1.37102
1.17729
1.26875
1.4634
1.49304
1.14517
