12.741
12.507
12.8028
12.6033
12.7266
12.8236
12.4695
12.9214
12.9629
12.857
12.9087
12.6425
12.6884
12.8332
13.0064
12.6699
13.3598
13.0225
12.6808
12.8771
12.4614
13.0208
12.8928
12.6471
12.8647
12.9064
13.0922
12.1891
12.888
12.8906
12.7776
12.3943
12.6106
12.7024
12.7957
12.8937
12.8241
13.14
12.3896
12.8284
12.7203
12.6872
12.7501
13.0585
12.7661
12.8934
12.6537
13.0612
12.9335
13.1712
13.1023
12.8534
12.1701
12.7453
12.9234
12.6468
12.6932
12.7324
12.7988
12.7829
12.5593
12.5565
12.8223
13.0907
12.443
12.9668
13.084
13.0861
12.9224
12.5972
12.829
13.0395
12.178
12.6065
12.745
12.9925
12.7969
12.4467
12.5772
13.0361
13.0115
12.6113
12.8579
12.919
12.763
12.8141
12.99
13.0169
12.8887
13.0545
13.085
12.5563
12.6309
12.644
12.8762
12.7629
12.9558
13.2929
12.9766
12.7761
13.1325
12.8509
12.6545
12.92
12.8479
12.6504
13.0386
12.3893
13.0189
13.1589
12.7307
12.6261
12.7816
12.5914
12.7914
13.3857
12.969
12.9841
12.9466
12.763
13.3089
12.9512
12.9957
12.7716
12.6794
12.6167
12.7021
12.6716
12.9287
12.6312
12.7324
13.3592
12.756
13.2169
12.6972
12.9936
12.3031
13.1718
12.8157
13.0794
12.6274
13.1862
13.2382
12.9922
13.0626
12.7595
12.9465
13.1458
12.9244
13.1763
12.4693
12.8432
12.9053
12.9578
12.9902
12.8869
12.9233
12.7217
12.9698
12.331
12.6006
12.9251
12.7733
12.8675
13.1686
13.511
12.7786
12.6585
13.0746
12.6977
12.4814
12.8264
12.702
12.9038
12.7978
13.0866
12.5353
13.1618
12.8501
13.0537
12.9561
13.0347
12.2758
13.0175
12.872
13.0631
12.6495
12.2779
12.9664
12.8201
12.5016
12.6266
12.8097
13.027
12.8433
13.2635
13.0803
12.7217
12.9003
13.089
12.8599
12.6082
12.4736
12.6244
12.7545
12.7485
12.6329
12.3617
12.8723
12.835
12.7583
12.7965
12.8284
12.8006
13.0037
12.734
13.2256
13.2463
13.1121
13.0931
12.8776
13.2444
12.9706
12.9829
13.3409
12.693
12.627
12.8614
12.7146
13.0466
13.1537
13.1159
12.8551
13.0517
12.8629
12.7968
12.9594
12.6609
13.1828
12.8475
12.8713
12.9648
12.6483
13.2435
12.455
13.2547
12.796
12.7503
13.0905
13.1836
12.7194
12.9239
12.9051
12.6358
12.5298
12.3284
12.7049
12.8538
13.0385
12.4789
12.9437
12.5461
13.0052
12.6569
12.6147
12.9174
12.8995
12.7305
12.7462
12.8426
12.4369
13.0445
12.8825
12.5667
12.6815
12.8316
13.0399
12.6936
13.0128
12.3505
13.2238
12.9938
12.8887
13.1693
12.6695
12.8567
12.5764
12.5126
12.9647
13.0431
12.4676
13.0941
12.7148
12.6746
12.5407
12.995
12.8757
12.5289
12.8774
12.6129
12.9424
13.0159
12.7547
13.0613
13.0256
13.242
12.585
13.3706
12.871
12.4323
12.9694
13.0187
12.8724
12.9451
12.8245
12.7836
13.0294
12.5945
13.2077
12.9008
12.8207
12.6126
12.7904
12.7374
13.2696
12.9021
13.0642
12.7766
12.7911
12.7663
12.6769
12.8978
12.9407
13.0527
12.9895
12.7955
12.7269
12.9425
12.9092
12.8903
13.3224
12.9301
12.7548
12.7184
13.2136
12.8403
12.9781
12.9072
13.041
12.7333
12.5765
12.7411
12.4206
13.0371
12.9029
12.8043
12.85
13.1904
13.2489
12.7325
12.7958
12.5083
13.0156
12.867
12.4976
12.8564
12.9508
12.9464
12.8761
12.4961
12.6767
13.1191
12.454
13.0705
12.8502
12.8544
12.9314
12.9144
12.6331
12.8042
12.63
13.2151
12.5705
12.9664
12.5663
13.5109
12.6087
13.1029
13.121
12.8841
12.8498
12.622
12.8389
12.7813
12.3472
12.9671
13.0667
12.7281
12.6175
12.4296
12.9746
12.9904
12.592
13.1778
12.6772
13.1738
13.0947
12.599
13.2209
12.6738
13.0343
13.0334
12.5186
12.8774
12.838
12.6236
12.9957
12.415
12.7574
12.9364
12.5284
13.1171
12.8043
12.8119
12.6562
12.9298
12.7394
13.0938
12.6916
13.1372
12.7091
12.9642
12.8779
13.0072
12.9617
13.1237
13.1607
12.3897
12.7222
12.8609
12.6256
12.7333
12.7927
12.5317
12.6644
12.5581
12.7277
12.6904
12.8005
12.8509
13.0933
12.7362
12.847
12.5356
12.7763
12.8096
12.807
13.0509
12.8099
12.7983
12.5742
12.5691
12.6619
12.6549
12.4732
12.6336
12.7154
13.0425
12.9075
12.992
12.8135
13.0317
12.5691
12.5779
12.0605
12.8797
12.5867
13.1556
12.2678
12.8249
12.9921
12.6592
12.9507
12.8593
12.8429
12.5266
12.5923
12.8812
12.7743
13.005
12.6259
12.8755
13.0824
12.8939
12.7183
12.9681
13.0616
13.0033
12.6694
12.6212
12.9029
13.0977
13.0805
12.9392
12.9812
12.6748
12.7237
12.6613
12.8779
12.6662
12.6845
12.7996
12.6735
12.838
12.5575
13.4723
12.8418
13.1585
12.4252
12.6937
12.633
12.8363
13.17
12.9482
12.7583
13.0004
13.2701
13.2459
12.9033
13.0859
13.0482
13.2946
13.0015
12.89
12.6188
12.4539
12.8889
13.1776
12.9454
12.8421
12.8303
12.3861
12.8529
12.6128
12.8666
12.6388
12.8303
12.9985
12.9342
12.5478
12.9266
13.2313
12.2468
12.856
12.8411
13.0059
13.1424
13.12
12.5612
12.7954
12.7934
12.7594
13.0237
13.0919
13.0402
12.6666
12.8786
13.1696
12.6669
12.8239
12.9859
12.8255
12.9779
12.9426
12.9628
13.009
12.8746
12.9454
13.0433
13.0121
12.7235
12.2284
12.2919
12.7652
12.4002
12.5795
12.5856
12.9831
12.5085
12.8589
13.0052
12.8489
12.7779
12.6206
13.0605
12.7596
12.4658
12.8654
13.1532
12.8257
12.7751
13.0095
12.4635
12.4978
12.5232
12.6856
12.8954
12.6385
13.0527
12.707
12.6686
12.6896
12.834
12.4494
12.2759
13.1616
12.9657
12.9863
12.7635
12.4692
12.9642
12.7884
13.321
12.9329
13.1526
12.5831
12.8045
12.3146
12.7021
12.6812
12.992
12.859
12.927
12.8585
12.5671
12.6043
12.8181
12.7347
12.8199
12.511
12.9917
12.5383
12.749
12.714
13.1281
12.4665
12.8473
12.653
13.0668
12.9048
12.9193
12.7629
13.0225
12.797
12.865
12.3693
12.8644
12.8456
13.0277
12.4736
12.4942
12.8683
12.5258
12.7864
13.0202
12.5569
12.5713
12.9125
12.4963
13.199
12.7902
12.5361
12.7
12.5264
13.0344
12.7257
12.6829
12.6794
12.9117
12.7466
12.5659
13.1521
13.0559
12.9263
12.5464
12.7641
13.0148
13.0791
12.3212
12.9485
12.9697
12.8324
12.7458
12.3669
12.974
12.589
12.8373
12.7156
12.9511
12.8851
12.7823
12.4509
13.1349
12.7537
12.9811
12.7732
12.8721
12.5454
12.8508
12.576
12.5281
13.0005
12.6703
13.1021
12.9551
12.7813
12.9841
12.4662
12.8299
12.8974
13.1364
12.6964
12.6773
12.3934
12.7641
12.8645
12.5683
12.6008
12.7661
12.8525
13.0375
12.883
12.4655
12.7513
12.5763
12.9171
12.7097
12.4496
12.4401
12.8708
12.8448
13.2932
13.0221
12.3404
12.9604
12.3887
12.8257
12.8573
12.5819
12.694
12.5243
12.9588
12.7905
12.7682
12.6468
13.083
12.9275
12.5873
12.8366
13.0665
13.0375
12.8882
13.0092
12.5781
12.6675
12.3895
12.8145
12.6051
12.5909
12.9686
12.8363
12.7368
12.9406
12.9832
13.2283
13.0024
12.6969
12.701
12.8683
13.0854
12.9945
12.998
12.9094
12.9883
13.0873
12.8418
12.8891
12.6368
12.9191
13.0101
12.6735
12.7914
12.9491
13.1479
12.9713
13.0414
12.9315
12.9898
13.0041
12.9549
12.8441
13.2507
12.9099
12.6684
12.773
12.9444
13.3711
12.71
12.8751
12.9101
12.9656
12.9035
12.8569
12.8706
12.9088
12.4576
12.9182
12.3892
12.9647
13.0572
12.8227
13.0138
12.902
12.7374
12.8697
12.8834
12.9443
12.3835
12.7625
12.7969
13.0026
12.8591
13.1164
12.9622
12.727
12.5157
12.6003
12.8977
12.8247
13.148
12.5644
12.6375
12.8893
12.8184
13.1304
13.0019
12.9537
12.9376
12.9222
12.7751
13.0579
12.4508
12.9343
13.1767
12.4629
12.8396
12.9881
12.6389
12.9084
12.3445
13.0303
12.9026
12.8922
12.6521
13.0929
12.8291
12.8418
12.9989
12.7841
13.0674
13.1399
12.7278
12.4179
12.7729
12.554
12.9603
12.7026
12.6943
12.6236
13.0012
12.6029
13.2128
12.828
13.1508
12.6795
12.7807
12.9873
12.845
12.8154
12.8137
12.8476
12.7471
12.6592
13.2127
12.8977
13.0495
12.7179
13.1493
12.763
12.7434
12.6883
12.92
12.651
13.1275
12.6521
13.0081
12.4359
12.7317
12.6431
12.8815
12.7563
12.915
12.8691
12.8202
12.5179
12.7219
12.8656
12.6658
12.6758
13.032
12.4128
12.4728
12.6698
12.7895
12.3561
13.3096
12.9093
12.6855
12.7882
12.8886
12.5426
13.4095
12.729
12.6267
12.7206
12.8909
12.784
12.6342
12.752
12.6613
13.0197
12.7823
13.039
12.5239
12.9065
12.6184
12.795
12.4681
13.0562
12.9011
12.5345
12.6059
13.0827
12.8729
12.6028
12.702
12.7609
12.6189
13.0781
12.7655
12.6568
12.6642
12.6919
12.8116
12.9232
13.0705
12.848
12.6515
12.8384
12.5826
13.0718
12.7031
12.551
13.0875
13.228
12.9532
13.1608
12.9095
12.6315
12.9481
13.0318
12.553
12.5807
12.9585
13.2507
13.3913
12.6714
12.9029
12.9537
12.8272
12.7561
12.8246
12.9929
12.2084
12.9528
12.8454
12.6561
12.8043
13.2378
12.8731
13.0545
13.2393
12.7098
12.5202
12.5974
12.6954
12.6524
13.0069
12.8791
12.9766
12.4134
12.9917
13.1362
12.8924
12.9756
12.5605
12.6309
12.8412
12.9759
12.5537
12.6371
12.9202
12.9942
13.073
12.615
12.7246
12.5735
12.7053
12.7948
12.8106
12.6135
12.8369
12.9926
12.433
12.9507
12.577
12.6088
13.0528
12.7815
13.1288
12.8532
12.625
12.7617
12.661
12.6786
12.8945
12.817
12.56
13.0644
12.8154
12.7093
12.8996
13.2485
12.5533
12.6655
12.9277
13.1901
12.5258
13.1772
12.8561
13.2526
13.1211
12.9482
13.0196
12.796
12.7161
12.9674
12.6516
13.148
12.6671
12.707
12.9076
13.3287
13.1613
12.979
12.8647
13.4692
12.7665
12.8721
12.8623
13.117
12.6962
12.6346
12.6596
12.591
12.9562
12.994
12.7873
12.9606
13.0763
13.0852
12.6965
12.7083
12.9942
12.5463
12.5713
12.6798
12.8332
12.8004
12.8821
13.3667
12.6628
13.2633
12.7919
12.8623
12.9202
12.6446
12.9612
13.154
12.9267
12.8987
12.964
12.7876
12.8174
12.5208
12.5514
13.0505
12.8409
12.9325
12.9502
13.0322
12.8803
12.7635
12.8578
12.7498
12.5457
13.0662
12.8944
12.7616
12.7443
12.6934
12.5192
12.9853
13.2704
12.9176
13.046
12.7617
12.9235
12.7898
13.265
12.8005
12.6067
12.7722
12.9521
12.838
13.1937
12.7765
12.9383
13.067
13.1273
13.0352
13.012
12.695
12.977
13.3453
12.9029
12.7934
12.3677
13.0985
12.9852
13.3099
12.8722
13.1044
13.0191
12.3809
12.9398
13.22
12.8419
12.725
12.8934
12.3766
12.7857
13.1408
12.8432
12.6217
12.8919
12.8181
12.8978
12.568
12.8458
12.9323
12.9564
13.0286
12.3869
12.6355
12.9007
12.9483
13.0116
12.6407
13.0731
12.9919
12.6533
12.831
13.1665
12.9604
12.9948
13.3323
12.7868
12.8706
12.9394
12.6965
12.894
12.6659
13.1604
12.8583
12.5848
13.0665
13.1853
12.6871
13.1501
13.3124
13.0707
13.399
12.8768
12.998
12.9613
12.737
12.6983
13.1869
12.831
12.9351
12.8028
12.9563
12.9078
12.8993
12.8445
12.9696
12.346
12.845
13.0637
12.8542
13.3133
12.8241
12.9949
12.5819
12.8942
12.9741
12.9786
12.8731
13.2109
13.0156
13.0146
12.7681
12.737
13.1206
13.4363
13.1428
12.8792
12.6442
13.2727
12.5455
12.8257
13.5373
12.8735
12.7463
12.8428
12.9108
12.6955
12.8396
12.9746
12.8545
12.8678
13.0008
12.7238
13.0264
12.5812
13.0695
12.6343
13.1104
12.6241
12.8488
12.6108
12.6602
12.9146
12.7075
13.4133
13.0395
13.0927
13.0175
12.7602
12.9321
12.6553
13.1211
12.9551
12.8904
12.662
13.1955
12.8471
12.4826
12.8382
12.8838
12.9316
13.0613
12.935
12.8555
13.0165
13.0695
12.9091
13.0477
12.6922
12.8916
12.7969
13.0098
13.1929
12.973
12.9165
12.8597
12.67
12.9147
13.0115
12.938
12.8055
12.7931
12.5127
13.3156
13.1258
13.0704
12.7509
12.9842
12.7709
12.923
12.645
12.9383
13.0994
12.9989
13.0948
12.8909
12.7985
13.0232
12.5933
13.4283
13.165
12.6059
12.7243
12.6907
12.2504
12.6385
12.8112
12.8695
12.6358
13.1793
12.7612
12.6679
12.511
12.8551
12.9626
12.5104
12.7116
12.7585
12.5811
12.9741
12.6367
13.0305
12.5102
12.7852
12.9127
12.6138
12.5889
12.809
12.8377
13.19
12.9215
12.6064
12.7561
13.0682
12.8347
12.9154
12.9647
12.9227
13.0949
12.8673
12.742
12.787
12.8062
12.739
12.5781
12.6019
12.8694
12.7203
12.845
12.8436
13.3869
12.9171
13.0965
13.0347
12.8661
12.8748
13.5506
12.4883
12.787
13.2423
12.4644
12.9693
13.063
12.9682
12.8403
12.694
13.0729
13.1833
12.9268
12.6893
12.7157
13.1301
13.1104
13.1432
12.9036
13.3301
13.143
12.8844
12.9632
12.6615
12.9161
13.2287
12.945
12.7515
13.423
13.0258
12.8712
13.1302
12.8145
12.9618
12.9756
12.9252
12.8299
13.3213
12.8449
13.235
13.034
13.2101
13.1129
12.5099
13.2559
12.8705
12.9205
12.9105
13.1559
12.8592
12.9221
12.9712
12.5147
12.6481
12.9611
13.0805
12.3286
13.1137
12.728
12.8411
13.0773
12.966
12.9165
12.9578
13.2499
12.9507
12.8949
12.7194
12.9101
13.1973
13.0737
12.9318
13.0534
12.7327
13.0847
12.8143
12.7315
12.9655
12.716
12.2404
13.0231
12.682
13.2102
13.0039
13.0554
12.7197
12.886
13.0116
12.5575
13.2155
13.029
12.8475
12.6134
12.7523
13.2793
12.7766
13.0503
12.9014
13.1088
12.95
12.8645
12.9823
12.5705
13.121
12.4189
12.7679
12.8507
12.7314
12.819
13.3344
12.6269
12.9827
13.1342
12.9801
13.1791
12.7565
12.5873
12.7837
13.0929
12.5626
12.9276
12.6877
12.6199
12.8449
13.0231
12.9062
13.1995
13.0058
12.938
12.6909
12.7318
12.694
13.1416
12.7095
12.6425
12.6194
12.8059
13.2359
12.9807
12.627
13.0012
12.7502
12.8885
12.4194
13.0952
12.8797
13.0611
12.9069
12.9848
12.7899
12.6566
12.8774
12.5978
12.4528
12.7214
13.2004
12.5642
13.2082
13.4113
12.8396
13.3736
12.9709
13.0843
13.166
12.8403
13.1363
12.9558
13.0245
13.4135
13.1024
13.0725
13.6203
13.1391
13.1435
13.1542
12.9092
13.3108
12.9134
13.4067
12.8922
12.9958
13.2109
13.2132
12.7171
13.1409
12.7661
13.3747
13.1891
13.1999
12.9166
13.1932
12.7561
13.212
12.8282
13.274
12.8802
12.9033
13.3093
12.8885
13.1595
12.8662
12.807
13.0586
12.9763
13.0392
13.2497
13.4398
13.0157
13.3236
13.3118
12.8366
12.9737
12.7568
12.6545
13.1861
13.0727
13.0621
12.8799
12.7855
12.7573
13.136
12.728
13.1895
13.11
12.8123
12.8767
13.3457
12.2898
13.0759
12.8862
13.1525
12.9404
13.0133
13.1533
12.9833
12.799
12.9404
12.9438
12.9684
13.1709
13.275
13.0969
12.9405
12.8354
12.9787
12.9508
13.3291
12.8602
13.2521
12.9309
13.2583
13.0873
12.467
12.877
12.8107
12.9581
13.0555
13.1297
13.1585
13.0064
12.9846
13.2145
12.9399
13.0448
12.8086
13.4302
13.2918
12.759
13.1071
13.0274
13.1663
12.6839
13.1884
13.1287
13.1417
13.0014
12.7087
13.3034
12.9733
13.4204
13.0743
12.5535
12.8664
13.1939
12.7925
12.8441
13.025
12.8456
13.1034
12.9954
13.0598
12.885
12.9553
12.5399
13.2057
12.9612
13.1344
13.0231
13.2943
12.7563
13.2184
13.0093
13.08
13.349
12.6977
13.1366
12.8855
13.1026
13.0971
13.1692
12.7548
12.834
12.5775
12.7714
13.0241
12.8788
13.0049
12.8709
13.2428
12.7269
13.184
13.2016
12.8603
12.6841
12.5181
13.1891
12.931
12.8693
12.8177
13.0633
13.1312
12.5163
12.8181
13.0332
12.7531
12.4762
12.9636
13.4351
12.9038
12.8302
12.7306
12.8928
12.8344
12.4931
12.9014
13.0423
12.8065
13.0809
13.2175
13.1036
12.7526
12.8576
13.0802
12.8638
12.7405
13.1065
12.7549
12.9888
12.9902
12.5358
13.1191
13.3147
12.8659
12.9987
12.5334
12.4894
12.6873
13.0288
12.6879
12.8772
12.9872
12.776
12.8555
12.6793
12.7337
13.0822
13.1901
12.4754
12.5949
13.0071
12.6421
12.8882
12.1284
12.8751
13.206
12.4487
12.8578
13.0766
12.5489
12.9066
12.722
12.4342
12.5558
12.4183
12.8091
12.6497
12.7765
13.016
13.13
12.7759
12.6226
13.1125
12.907
12.697
12.8779
13.0632
12.8787
13.0546
12.7864
12.8284
12.9186
13.0497
12.9216
12.8055
12.6363
12.8464
13.0664
12.561
13.1942
12.7957
13.1938
13.0366
13.0453
12.9023
12.7095
12.9914
12.8567
13.014
13.1201
12.8146
12.684
12.9387
12.9433
12.9473
12.9833
13.0508
12.9698
13.0693
12.7247
12.813
13.0866
12.82
13.0489
12.7883
12.8594
12.5865
12.7107
13.3179
12.8919
13.2385
13.041
12.9646
12.7607
12.7836
12.7591
12.81
12.6846
12.7128
12.9419
13.0313
13.1661
12.7843
13.0291
12.8272
12.6742
12.8427
13.0352
13.0014
12.6406
12.8058
13.0989
12.9034
12.9587
12.607
12.4598
12.7316
12.936
13.3736
12.4564
13.1058
13.1749
13.1438
13.0551
12.8138
12.6033
12.8482
12.6918
12.9
12.4953
13.1317
12.8609
12.5637
12.5264
12.7778
12.9486
12.7457
13.2121
12.9152
13.2163
12.9365
12.7593
12.7342
12.7449
12.8773
12.9576
13.156
12.7441
12.6716
12.8005
12.6099
13.3122
13.1785
13.1072
12.4021
13.2489
13.0424
12.8044
12.8217
13.4096
13.0418
12.8638
12.8102
13.082
12.6813
12.8397
13.0439
13.1947
13.2187
12.7952
12.8065
12.8907
12.7441
12.9655
12.5046
12.8852
12.9237
12.5615
12.9762
12.8118
12.792
12.9069
12.774
12.8181
12.6431
12.8171
12.8914
13.0099
12.7459
12.9723
12.8506
12.7387
12.5236
12.6786
12.538
13.0859
12.834
12.6554
13.1699
13.3946
12.6682
13.3306
12.7673
12.6638
12.8119
12.9605
12.9074
13.2152
13.1427
12.9947
12.6792
12.9059
13.3356
12.5926
13.0207
12.6114
13.2477
13.0984
12.8887
13.1
12.8611
13.0184
12.81
13.0011
12.717
12.7055
12.7555
13.0385
13.3195
13.1338
12.9788
13.421
13.3523
12.5919
13.1803
12.6075
12.8054
12.9225
13.0045
12.7748
12.8752
13.1351
13.0015
12.6998
12.7725
13.0564
13.1752
12.6646
12.6163
12.6875
12.8205
12.7832
12.8301
13.2111
12.8081
13.1374
13.0191
12.8019
12.9493
12.6601
12.9692
13.1077
13.0289
13.0472
12.6032
12.6161
13.2105
12.9275
12.7594
13.0793
12.9403
12.9824
12.8378
12.8925
12.7303
12.9801
13.1252
12.8631
12.9455
13.1685
13.0805
13.0137
12.9682
13.0448
13.3456
12.9813
13.0842
12.9786
12.956
12.9137
13.3578
12.8208
13.3012
12.9252
13.0352
13.2051
13.2314
12.6063
13.2291
13.3702
13.3291
12.8325
12.5505
13.0193
13.4451
13.2932
13.2647
12.8567
13.0179
13.0432
12.9285
12.8686
13.0235
13.1023
12.9295
12.9604
13.0993
13.0251
13.2536
12.6675
13.2074
13.074
13.1296
12.8035
13.1184
13.1238
13.0994
12.8987
13.0384
12.9164
13.2233
13.0886
13.0675
12.9961
13.239
13.2042
12.8046
13.0184
13.4258
13.1753
13.0777
12.9214
12.9649
13.2677
13.0338
12.8022
12.8572
12.6401
13.2074
13.3112
13.1119
12.9059
13.4424
12.7997
12.6595
12.8645
13.029
13.0717
12.7014
12.733
12.9518
12.7013
12.4439
13.0337
12.5729
12.605
12.8274
13.2594
12.8192
12.9461
13.0344
13.1255
12.9521
13.1499
12.8221
13.0378
12.6587
12.4711
13.1143
13.1741
13.0634
13.1409
12.3886
13.2971
12.8212
13.0406
13.0675
12.846
12.7821
12.6845
12.8399
12.6808
12.9935
13.3022
12.5941
12.962
12.494
13.0038
12.5676
12.9037
12.3464
12.9038
12.7799
12.7441
12.8087
13.1778
13.1482
13.2666
12.6818
12.6457
13.0676
13.1579
12.9076
13.1104
12.565
12.7356
12.8124
12.9894
12.6704
12.9204
12.8998
12.8642
12.8713
12.8873
12.8904
12.9244
13.1846
13.0991
12.9013
12.7739
13.1272
13.0847
13.4086
12.8197
13.1018
12.8934
13.3209
12.979
12.4066
13.1251
12.7497
13.1312
13.2655
13.3702
13.0369
13.0066
13.2614
12.7492
12.6445
13.4253
12.8652
12.8673
12.7677
13.6457
13.1671
13.4013
12.6522
12.9443
12.5364
12.7289
13.112
13.1173
12.7564
13.0193
12.8318
12.4556
13.2266
13.3415
12.9713
12.8847
12.7163
12.8509
13.0145
13.0958
12.9026
12.9255
12.4121
12.8984
12.9683
13.1085
12.8213
13.2375
12.747
13.0307
12.8094
12.8483
12.8814
12.7896
12.9536
13.4146
12.8247
13.1173
12.8135
13.2537
13.0894
12.4747
12.7405
13.1292
12.9885
13.0705
13.1213
12.9675
12.8573
12.7406
13.1245
12.7761
12.9964
13.0588
12.7884
12.7062
13.3951
12.6327
13.1044
13.3564
12.8641
12.9757
13.2031
12.998
12.7864
13.0476
12.9625
12.9414
13.3836
12.8533
12.639
13.1975
13.1297
13.5326
12.9954
12.9388
13.0385
13.0657
12.8314
13.1553
13.247
13.0346
13.1215
12.8262
12.9421
13.318
13.037
13.0485
13.3192
12.8026
13.1345
12.9292
12.9951
12.662
13.1994
12.8004
13.2297
13.3268
12.9436
12.8339
13.1635
13.0831
13.1114
13.3082
13.0286
13.1022
13.1608
13.0047
12.6221
13.1119
13.2137
13.0695
12.9657
13.0814
12.7529
12.8256
13.1272
12.9491
12.7879
12.8486
13.1063
12.9982
13.115
12.8394
13.1716
13.0487
12.9953
12.5488
13.3092
12.9994
12.8848
12.6076
12.8138
12.8643
12.788
12.7052
12.6606
13.3748
12.7436
12.901
13.0403
12.7277
12.8076
12.551
13.363
12.9718
13.1265
12.7565
13.3277
13.024
13.2303
12.7025
13.2781
12.6143
13.009
12.4988
12.8687
12.6044
13.2975
12.904
12.6901
12.9973
12.781
12.5844
12.6799
12.9309
12.9736
12.769
12.8127
12.7624
12.7854
12.8702
13.0345
12.6452
13.0542
12.5755
12.5322
13.2464
12.9385
12.7278
12.8929
13.3173
12.9721
13.0613
13.0504
12.5051
12.6356
12.957
13.3272
13.0375
12.7627
13.1146
12.8984
12.5584
12.7559
12.992
12.9517
12.8043
12.9227
13.1139
12.6097
13.0268
12.7853
13.0442
12.7509
12.7513
13.0279
12.8981
12.7524
12.5921
13.0357
12.821
12.7439
12.8321
12.8817
12.7374
13.1653
13.0721
12.7503
12.8412
12.9797
12.6147
12.9137
12.8079
13.0033
12.7718
12.6241
12.3529
12.4587
12.7829
13.1243
12.8988
12.9007
12.6765
13.0424
13.0566
12.5672
13.0477
12.6861
12.7223
13.0323
12.6634
12.9837
12.9661
12.2559
13.3153
12.6822
12.4589
12.9166
12.8612
12.7861
12.8043
13.2754
13.0793
13.1628
12.812
12.9367
13.0825
12.5627
12.7366
13.113
12.5536
13.0219
13.1748
12.948
13.0027
12.8596
12.7492
13.2118
13.3427
12.9645
13.1684
13.1633
13.3353
12.9518
12.9946
12.9162
12.6453
12.9128
12.9686
13.1183
13.2294
12.8648
12.6475
13.2583
13.0968
12.9264
13.3879
12.6515
12.8666
13.224
13.0471
12.7963
12.9421
12.9051
12.9093
12.7567
12.3728
12.9138
13.0748
13.0527
13.0582
13.0898
12.5266
12.7306
13.0641
12.7639
12.9905
12.9561
12.7808
13.0582
13.0035
13.0282
12.9776
12.8468
12.9274
13.2009
12.8094
13.1493
12.8856
12.7603
12.9843
13.2226
12.523
13.0007
12.6249
12.4311
13.2867
12.9942
13.3413
13.2421
13.1804
13.2701
13.0208
12.9272
12.4881
12.8284
12.7759
13.5444
12.9164
13.2465
12.9611
13.2173
13.1396
13.0278
12.7008
12.9678
13.3758
13.1
12.8
13.1736
12.8154
13.1361
12.677
13.6013
12.9889
13.2567
12.8045
13.3016
12.6853
13.0441
13.0523
12.5618
12.8734
12.6336
13.0769
12.8062
12.7583
12.8142
12.9249
13.203
13.1826
12.8283
13.4087
13.1953
13.1129
13.0783
13.2207
13.0857
12.8331
12.8201
13.1192
13.1707
12.6098
12.9954
13.247
13.1439
12.8993
12.8267
12.6891
12.9783
12.8909
12.6505
12.832
12.8671
13.0517
12.6809
13.0883
13.0669
13.4352
13.1408
12.9845
13.021
13.0069
12.5564
13.0202
13.1986
12.9457
13.1193
12.7991
13.3097
12.6216
12.847
12.6362
12.5695
13.0144
12.9985
13.0692
12.5548
12.4229
12.715
12.8778
13.2122
13.1697
13.0759
12.817
13.1079
12.9633
13.1372
13.0411
12.8057
12.7844
12.7228
12.0591
12.4932
12.8768
12.771
12.7294
12.7922
13.1055
12.7811
12.6616
12.9054
13.1799
13.0584
12.5828
12.6511
12.4306
12.9523
12.9839
12.6019
12.7204
13.04
12.8351
12.8096
12.8728
12.8181
12.6022
13.2227
12.6053
12.8529
12.6517
12.7349
13.1442
12.587
12.8619
12.8852
13.2618
12.5299
12.9773
12.7183
12.4614
12.6952
12.9825
12.9164
12.9569
12.6586
12.8399
12.4135
12.9012
12.4549
12.7365
12.745
12.6775
12.7975
13.0005
12.6765
12.7756
12.9364
12.9192
13.1831
12.9978
12.701
12.5651
12.6153
12.9834
12.7667
12.5658
13.0696
12.5447
12.6444
12.6305
12.7302
12.5051
12.4473
12.7814
13.1442
12.5218
12.8951
12.7283
13.0486
12.5059
12.9466
12.6593
12.5696
12.8267
13.0186
12.7004
12.3684
13.0312
13.0962
12.5931
12.7908
12.8575
12.6805
12.8856
12.4135
12.7153
12.8009
12.5154
12.9089
12.7791
12.6788
12.7395
12.9368
12.6218
12.891
12.653
12.5281
13.2178
12.7447
12.9749
12.7648
12.6592
12.5988
13.0209
12.8361
13.1108
13.0246
13.0958
13.0571
12.9588
12.6496
13.1973
13.3734
12.8728
12.9703
13.0152
12.8771
13.1186
13.1863
12.6807
13.0751
12.8196
12.185
12.8947
12.8959
12.7873
13.1837
13.5172
12.6717
12.6536
12.8168
13.1798
12.7095
12.9938
12.6946
12.6756
12.7722
13.1476
13.0688
13.3368
12.8678
13.0356
12.2237
13.2481
13.0734
13.0532
12.9169
13.2785
12.5092
13.03
12.6188
12.775
12.9739
12.7944
12.6126
12.7755
12.5605
13.4182
12.6054
12.664
12.8328
13.2372
12.715
13.0113
13.6036
13.3456
13.1459
13.085
13.5329
13.2535
13.4748
13.1627
12.9887
12.98
13.2936
12.8424
13.3244
12.9397
13.4135
13.1437
13.2064
12.8509
13.2752
13.2005
13.1544
13.0821
13.2248
13.182
13.4121
13.1408
13.0477
13.3783
12.9488
12.8956
13.4493
13.3172
13.276
12.8576
12.7669
13.3798
12.8607
13.3211
13.0128
13.1721
13.1211
12.8399
13.0733
12.9992
13.1296
12.9811
12.9744
13.0546
13.1758
12.9649
13.4968
13.0364
12.987
13.0852
12.8992
13.2795
13.0899
13.012
12.9886
13.5674
12.9673
13.171
13.2437
12.7602
13.0728
12.4018
12.8255
12.6321
12.9589
12.7329
12.5565
12.9176
12.6219
12.982
12.8596
12.7351
12.7768
12.9213
12.9239
12.9965
12.9262
12.9136
12.7712
12.8684
12.5231
12.8046
12.8525
12.9995
12.9773
13.0826
12.6874
13.1322
12.5165
12.6788
12.8506
13.1029
12.882
12.4533
12.4964
12.8479
12.8194
12.6939
12.8563
12.5802
12.9419
12.8093
12.5524
12.3441
12.8653
12.5954
12.7699
12.8925
13.0089
12.834
12.8318
12.8565
12.8452
12.9307
13.0173
12.7164
12.6957
12.7455
12.6805
12.8348
12.4582
12.8715
12.7235
12.6234
13.0491
12.9739
13.0199
13.1316
13.3067
13.2718
13.2552
13.3151
13.2535
13.1443
12.8777
13.1572
12.9319
13.1091
13.4952
12.7347
13.3198
13.3145
12.7196
13.3253
13.0255
13.2965
13.3079
13.0628
12.819
12.7804
12.6652
13.4332
13.2474
13.1782
12.9204
13.1142
13.0227
12.9624
12.6785
13.1787
13.1774
13.0393
12.8986
12.9465
13.0945
13.1264
13.2017
12.944
13.0543
13.2497
13.1774
13.3488
12.9794
12.8589
12.7389
12.8665
13.196
13.0725
12.9483
13.1411
13.0415
13.1107
13.2882
13.0072
12.929
13.1749
12.8885
13.1895
12.9738
12.7814
12.301
13.0811
12.7345
13.0067
12.6751
12.9195
12.9253
12.1252
12.9567
13.0796
13.2035
13.0437
12.8704
12.778
12.9275
12.719
13.1984
12.6362
12.764
12.9566
12.4836
12.6361
12.9783
12.959
12.8903
12.5762
13.2866
12.9689
12.8604
12.4938
12.6444
13.0485
12.5772
12.7817
12.6038
12.3703
13.5132
12.958
12.4081
13.0583
12.7725
12.9039
12.9493
12.7427
12.8449
12.9418
13.0005
13.2683
12.8751
12.8252
13.0561
12.7724
12.7956
12.8088
12.8381
13.0734
12.9518
12.736
12.3563
12.7679
13.4341
13.0443
13.2671
13.1964
12.7516
12.9918
12.9687
13.2258
12.8818
13.3462
13.4792
13.068
12.9538
12.9076
12.8966
13.0364
13.6074
13.1904
13.0873
13.1094
13.0216
12.8657
12.8567
12.8589
13.258
12.581
12.6213
12.8245
12.6461
12.8551
13.141
13.302
12.7589
13.0782
12.6394
12.7583
12.7772
13.1669
13.0563
12.5137
13.2755
12.7417
12.93
12.799
13.0635
12.9562
13.3548
13.0677
13.5152
12.7436
13.2864
13.0703
12.9495
13.0258
13.1344
12.9816
12.4932
12.663
13.2172
13.0732
12.8941
12.4004
12.9171
12.8346
12.7988
12.9478
12.8061
13.0993
13.1246
12.9331
12.9347
12.8924
12.861
12.4445
12.8646
12.7793
12.9567
12.7879
12.479
13.3109
12.7643
12.9178
12.4822
13.0707
12.567
12.6658
12.8747
12.8464
12.7756
12.7249
12.6202
12.4492
12.6382
13.0821
12.879
12.9295
13.219
13.0617
13.1864
12.5188
13.1492
12.6438
12.3633
12.8469
12.5205
12.657
13.1545
13.0557
13.0396
12.7885
12.3571
13.0412
12.8028
12.7502
12.7755
13.1439
12.6694
12.6147
13.1437
12.6548
12.9307
12.9507
13.2326
12.7924
12.9537
12.6423
12.7958
12.7314
12.795
13.3428
12.9956
12.99
12.5956
13.1506
12.8994
12.4505
12.6836
12.9379
12.9419
13.2448
12.4333
12.6098
12.7979
12.7922
12.7683
13.2646
12.9843
13.0965
13.0275
12.9753
13.0453
13.0081
13.1833
13.032
13.0816
12.9693
12.8649
13.4139
12.6774
12.9807
13.0564
12.6793
12.9846
13.3545
13.2617
12.9209
13.0133
12.9135
12.7695
13.0295
12.8794
12.6279
12.5499
13.0792
12.7925
12.7792
13.0523
13.038
12.963
12.8165
12.9138
12.5005
12.7058
12.6172
12.6959
12.7562
12.7593
13.376
12.7835
12.9958
12.4715
12.8837
12.7284
12.7676
12.6273
12.7974
12.7015
12.7813
12.9394
12.5452
13.1577
12.7723
12.5199
13.0088
12.986
12.805
13.0946
12.9787
12.9282
12.622
12.3491
12.5854
12.8654
12.7562
12.9105
13.0064
12.7159
12.6505
12.7363
12.7366
13.2139
12.5837
12.7851
12.9176
12.8584
13.0061
12.5399
12.3198
12.8891
12.4387
12.5571
12.6211
13.0222
12.9125
13.0335
12.9089
12.7608
13.1172
12.9262
13.4214
12.8073
12.6794
12.6063
12.9749
13.4001
12.8864
13.0943
13.226
12.8333
12.9567
12.8633
13.0453
12.9208
12.5257
13.0018
12.7904
12.8427
12.9161
12.5885
12.912
13.3469
13.0959
12.6806
13.2205
12.9662
12.579
12.7399
12.6426
13.1398
12.6855
13.2165
12.8871
13.2902
12.8369
12.7913
12.9921
12.8894
13.1978
13.0087
13.3261
13.058
12.7965
12.8228
12.9093
12.9799
13.088
12.9643
13.1824
12.6952
12.9421
13.0109
13.291
13.256
13.0339
13.2088
12.6943
12.9774
12.9831
12.9739
13.2016
13.3774
13.453
12.8473
12.8624
13.3614
13.1626
12.8406
13.1723
12.902
12.8419
13.1714
12.7178
12.7377
13.0871
12.9227
13.1478
12.9029
13.3125
13.1267
13.0969
12.6661
12.689
13.3016
13.0391
13.0681
12.927
13.0258
13.1328
13.4121
12.868
13.105
12.9421
12.6797
13.0687
12.996
13.0682
13.1353
12.9228
12.8717
12.8583
13.0181
13.1244
12.5156
12.785
12.8581
12.9372
13.1356
13.197
13.1023
13.1414
13.0474
12.7734
12.9671
12.9443
12.9602
13.2918
13.085
12.9815
12.8493
13.0559
13.0525
12.5838
13.0969
12.9793
12.977
13.1487
12.8283
12.7018
13.0464
12.7667
12.9474
12.9637
13.1289
12.6306
12.9961
12.9419
12.8931
12.7971
12.8028
12.9811
13.0311
13.057
13.1843
12.9844
12.6427
13.1029
12.5438
12.7762
12.4189
13.0226
12.8775
12.9643
13.2795
13.1777
12.6967
12.6623
12.9356
13.0345
13.1346
13.0553
13.2096
12.7779
13.1591
12.9647
12.8886
13.1357
12.8829
12.8355
13.1705
13.115
12.947
13.0467
12.8878
12.9207
12.7112
12.9299
13.169
12.9527
12.8241
12.8469
12.7489
12.7517
13.069
12.932
13.0166
12.9915
13.2224
13.278
12.9917
13.133
12.933
13.2681
12.5117
12.9519
12.8069
12.6683
13.4272
13.0863
12.8125
12.9751
12.7802
12.3428
12.7771
12.7604
12.7814
12.9688
12.9207
13.0775
12.9788
13.0915
13.216
13.1341
12.8439
12.9546
13.2103
12.939
13.0188
13.1365
12.7453
12.8652
12.9672
13.4373
13.2463
12.7423
12.9501
12.9712
13.166
12.9908
12.8178
13.1639
13.0309
12.8923
13.1221
12.9197
12.6273
12.9854
13.1097
12.9261
13.0705
13.194
12.9107
13.0632
13.0545
12.9408
13.0797
13.0505
12.5837
13.3556
12.9177
13.0768
13.1642
12.5715
12.8726
12.5697
12.8583
13.3129
13.1499
12.9657
12.7017
12.9585
13.1025
13.5496
13.1874
13.2369
12.7879
12.7203
12.7342
12.9563
12.3507
13.3672
13.3556
12.707
12.6942
12.9657
13.092
12.834
12.6458
12.7489
12.9366
12.9837
12.8043
12.9746
12.8484
12.6707
12.8491
12.6452
12.4393
12.6344
12.9446
12.8345
13.1648
13.1202
12.6883
12.8028
13.0127
12.7517
12.8584
12.8869
12.6559
12.4428
12.9142
12.5242
12.6484
12.34
13.1122
12.9751
12.8577
13.1218
13.1566
12.754
12.7311
12.5574
12.7102
12.8932
12.6576
12.6719
12.7576
12.7517
12.8363
12.9917
12.9547
12.9562
13.0348
12.3643
13.1489
13.0823
12.8997
12.8963
12.3493
12.9512
12.6871
12.6465
12.8186
12.8416
12.6513
13.146
12.3344
12.4112
13.2074
12.6979
12.8532
13.0088
12.8057
12.9192
13.0511
12.6009
12.9393
12.5517
13.2233
12.7594
12.845
12.7394
12.707
12.6961
12.4108
12.844
12.8932
13.0883
13.2585
12.5182
12.5917
12.429
12.9118
13.1903
12.3658
12.7707
12.9779
12.7268
12.4792
13.1076
13.0206
12.8844
12.9516
12.8859
12.7433
13.019
13.1286
13.0508
12.4904
12.9243
12.8981
12.8085
12.9254
12.6106
12.8457
13.3903
13.0311
12.3302
12.9029
12.8772
12.6583
13.1297
13.1036
12.9336
13.0204
12.8986
13.0892
12.8087
12.7856
12.8806
12.4727
12.9336
12.7861
12.8576
12.8096
13.0192
12.8806
12.633
13.052
13.3607
12.8149
13.2196
13.0865
13.208
12.8933
13.0985
13.0772
12.7678
12.5819
12.7411
13.2462
13.0728
12.7902
13.2296
12.9222
13.4233
13.6935
13.4542
13.4807
13.1589
13.0286
13.5034
13.1105
13.1429
13.3438
13.1352
12.8449
13.0209
13.4735
13.1102
12.9252
12.7811
13.2333
12.7934
13.0904
13.4058
12.9828
13.2848
13.115
12.8633
12.975
13.1602
13.0524
12.7737
13.2229
13.1397
13.6153
12.9598
13.4928
13.1396
13.4939
13.3389
13.5281
13.3095
13.1562
13.2165
13.1439
12.9217
13.2221
13.2305
13.1487
12.9673
13.503
12.9446
13.3072
12.8057
13.5525
13.0071
13.0337
13.1301
13.097
13.1233
12.9338
12.8981
12.8913
13.1789
13.0887
12.8978
13.1862
13.4305
12.7206
12.9174
12.727
13.1145
13.3547
12.9717
12.898
13.1413
13.0965
13.1507
13.4033
12.8606
12.9821
13.0879
12.5434
13.4622
13.0327
12.6356
13.0251
13.1891
12.8133
12.8526
13.1076
13.1981
13.3762
12.8836
12.7332
12.7358
12.7433
13.0316
13.3907
13.3049
13.1659
12.9573
12.9579
13.1499
13.2272
12.9068
12.9659
12.898
13.0738
12.8634
12.8481
13.2486
13.4412
13.0321
13.0572
12.9176
12.8643
12.5681
13.0925
13.2556
13.0985
12.8551
12.9296
12.6441
13.1967
13.188
12.782
13.1281
12.9436
12.9626
12.9086
12.7458
13.0728
13.1129
13.1248
13.3006
13.0926
12.7486
13.153
12.7594
12.8547
12.8459
13.1838
12.4915
13.2117
13.3463
12.5642
12.4708
13.0688
12.4206
13.0668
12.806
12.4872
13.0926
12.474
12.5719
12.6709
13.0487
13.0382
12.6862
13.3067
12.8159
13.0406
12.5589
12.9923
12.8049
12.4227
12.9035
12.9546
12.9132
13.107
13.0409
12.8841
13.0676
12.7768
12.9014
12.6145
12.9436
12.4351
12.7461
12.8541
12.8213
12.5976
12.8743
13.001
13.0235
12.8687
13.1271
13.0962
13.0795
12.9012
12.7137
13.2506
13.0345
12.7366
13.0563
13.4213
12.7798
12.9962
12.9574
12.7973
12.8626
13.4206
13.1784
12.8178
13.316
13.1157
13.2993
12.6263
12.9334
12.9892
12.8657
13.3603
13.261
13.0158
12.7605
12.9986
12.5126
13.2339
12.8489
13.1798
13.0674
13.2538
13.0972
13.1156
12.8554
13.3418
13.0696
13.1587
13.0177
13.3654
13.1022
12.9593
12.8069
13.0058
13.1229
13.0665
12.8985
12.5389
13.1529
12.6425
12.5289
12.8654
12.6287
12.5735
13.1437
13.0806
13.1249
12.6452
12.702
12.7858
12.9078
12.9585
12.5092
12.4989
11.9916
12.8065
12.7831
12.9798
12.8603
12.8807
12.3669
12.6963
12.7924
12.849
12.9692
12.452
12.7336
12.9484
12.9074
12.4597
13.1102
13.238
13.0984
12.9994
12.8549
12.8713
13.0758
12.5621
13.008
12.6418
12.7789
12.8459
12.9689
12.918
13.1281
12.7862
12.7048
12.8113
12.8556
13.0843
12.69
13.0583
13.1748
13.0185
12.8557
12.764
12.8943
12.5115
12.8385
12.6475
12.7834
13.0105
13.0777
12.3815
12.9892
13.0097
12.8467
12.9423
13.0129
13.1004
13.0631
13.0814
12.9439
12.8913
13.0579
12.8417
12.7919
12.6788
13.062
13.645
12.5646
12.9509
12.8794
13.0396
12.8313
12.927
12.695
12.9706
12.7714
12.8005
13.0324
12.8141
12.9308
13.0771
12.6927
12.8838
12.9467
12.8728
12.8017
13.1588
12.88
12.6795
13.1388
12.7982
12.8066
12.3418
13.3526
12.779
12.5898
12.9523
12.8402
12.7943
13.0466
12.5138
12.7406
12.9479
12.4203
12.6377
12.3992
12.6782
12.7357
13.2846
12.7355
12.9255
12.6866
12.6449
13.0337
12.8102
13.1243
12.5452
12.6708
12.5306
13.0227
12.7064
12.8114
12.2322
12.6216
12.7334
13.0015
13.0049
12.4056
12.6966
13.095
12.8744
13.1059
13.0617
12.6725
12.815
13.1561
12.3051
12.9331
12.9123
12.5289
12.3755
12.8434
12.6437
12.6878
13.237
12.9142
12.9355
12.8579
12.5849
13.0686
13.1193
12.9778
12.9775
12.8913
12.7798
12.6082
12.7471
12.8642
12.9211
12.9417
12.5615
12.4546
12.9928
12.7445
12.9304
12.685
12.3739
12.7982
12.6232
12.8777
12.7644
12.8904
13.1084
12.7773
12.8684
12.5058
12.664
12.4913
13.0121
12.366
13.0829
12.9174
12.8761
12.4845
12.5408
12.7459
12.529
12.8047
12.9821
13.0476
12.9241
13.5346
13.2238
12.7491
12.7256
12.7187
13.0848
13.2274
13.0681
12.9295
13.0741
12.8133
13.0263
13.078
13.0311
12.8961
12.7801
12.8531
12.9057
13.1487
12.8211
12.8345
12.4382
12.9459
12.7436
12.7057
12.65
12.9568
12.624
13.0986
13.088
13.0774
12.628
12.7615
12.8343
12.471
12.6489
12.9334
12.9278
12.3145
13.1752
12.7792
12.7497
12.7305
12.8278
13.2036
12.9253
12.6622
12.8601
12.7651
12.7677
12.4348
12.5369
12.6843
12.5641
12.6164
12.6096
12.5881
12.7254
13.0371
12.6571
13.2198
12.7467
12.5938
12.3174
12.5398
12.625
12.8646
12.8298
12.3188
12.0316
12.6731
12.9283
12.8346
12.9637
13.1211
12.6154
12.7465
12.7425
12.6967
12.3207
12.6532
12.7334
12.7432
12.7771
12.8451
12.8807
12.5978
12.8351
12.7284
12.7935
12.7411
12.7023
12.9697
12.7395
12.4385
12.5711
12.3388
12.8861
12.6298
12.3031
12.6287
12.8382
12.8183
12.7639
12.6579
12.9554
12.3813
12.9127
12.8379
12.692
12.5494
12.9171
12.9881
12.2605
13.2627
12.6586
12.8043
13.0571
12.949
12.5799
13.1637
13.073
12.5474
12.6678
13.1783
12.7326
12.8905
12.7701
12.9651
12.3802
12.9124
13.0228
12.8759
12.9384
12.9335
12.8828
12.8999
13.1108
12.75
12.9899
12.7289
12.9502
12.668
12.7449
12.7301
12.6215
12.5629
12.9304
13.0844
13.0558
13.5231
12.9308
12.9622
13.1699
13.182
12.7512
12.7546
13.0513
12.9877
12.9185
12.8601
12.6001
13.1198
12.8013
12.7817
13.0507
12.8576
13.0872
12.928
12.7174
12.414
13.1525
13.1184
12.961
12.8177
12.8992
13.2383
12.7546
12.8687
12.7448
12.3923
12.9993
12.9315
13.4042
13.033
13.0669
12.6047
12.8182
12.8366
12.8004
12.9003
12.4529
12.8749
13.3718
12.8253
12.9338
12.4102
12.5441
12.9175
12.859
12.9417
12.7339
12.7749
12.8558
13.0239
13.0445
13.2349
12.6391
13.1842
12.8075
12.9861
12.9258
13.1292
13.1507
12.5237
12.4899
12.7036
12.7129
12.8505
13.0395
13.1762
12.6663
12.6452
13.1622
12.5045
12.6731
13.2498
12.8024
12.6098
13.0074
12.8794
12.7734
12.928
13.0621
12.5317
13.1147
12.6202
12.93
12.6807
13.3812
12.791
13.0623
13.0113
12.9645
12.672
12.5861
12.6623
12.7784
13.0609
12.914
13.0165
12.9959
13.1858
12.5038
12.7225
12.9363
12.5372
12.8238
13.0474
13.3462
12.6989
12.5656
12.6666
12.9227
12.6613
12.7471
13.0016
12.7756
12.8202
12.9079
13.1247
13.2637
12.8944
13.1954
12.66
12.857
12.9581
13.0272
12.8776
12.8418
12.53
13.3753
13.4774
13.0986
13.2325
13.0246
12.728
12.9988
12.9394
12.7563
12.612
12.8225
12.8213
12.6048
12.9817
12.6717
13.0975
12.6008
12.7953
12.8868
12.6184
12.651
13.2336
12.7641
13.0234
12.8293
12.8859
12.9314
12.7972
13.0999
12.5916
12.7698
12.8682
13.0463
12.64
13.2266
12.9884
12.8896
12.6714
12.5127
13.0094
12.7554
12.4945
12.8111
12.7422
12.7847
13.0178
12.6205
13.1588
12.5218
12.8997
12.7955
12.9087
12.7334
12.9076
12.8408
12.4581
12.2857
12.6521
12.3903
12.897
12.696
13.0233
13.031
12.6741
13.02
12.7865
12.6084
12.5972
13.0237
12.86
12.6765
13.0538
12.3882
12.5975
13.0889
12.3029
13.0038
12.6864
12.5074
12.6929
12.693
12.9329
12.8683
12.4037
12.7597
12.4823
13.0106
12.9779
12.8911
12.7881
13.0684
12.8806
13.0027
13.034
12.917
12.7243
13.2414
12.9538
13.2228
13.0386
12.6543
12.9852
12.9404
12.9654
12.7819
12.8685
12.4979
12.9709
13.0689
13.0683
12.978
13.011
12.6799
12.9412
12.7875
12.8004
12.7747
12.4443
12.7358
13.1272
12.9692
12.7535
13.312
13.2103
12.9956
12.9019
12.9658
13.1904
12.8983
13.273
12.5599
13.022
12.6438
13.029
12.8342
13.0503
12.8695
13.0087
12.7859
13.1613
12.4444
12.9736
12.9137
12.5551
13.0334
12.6121
13.1157
12.8468
12.4868
12.8941
12.9585
12.5143
12.872
12.7735
13.1321
12.8185
12.7157
12.6526
12.8411
12.6169
12.885
12.81
12.8422
12.7711
12.6386
12.78
12.7786
12.9338
12.9246
12.6329
12.8446
12.833
13.0412
12.8235
13.1569
13.067
12.6002
12.672
12.7246
12.8611
13.4908
12.352
12.9436
12.6912
12.711
12.9863
12.9413
12.1525
13.25
13.1917
13.0839
12.8244
12.9197
13.0591
12.6571
12.773
13.1663
13.1797
12.8022
12.9633
13.1238
12.6124
12.5585
12.8994
12.7758
12.5072
12.8749
12.8626
12.5111
12.4831
12.9486
12.8675
13.274
12.6208
12.8895
12.3637
12.6445
12.4347
12.4485
13.0557
12.7773
13.0952
12.8728
12.7566
12.6003
12.3401
12.8728
12.9976
12.7382
12.8239
12.4108
12.9324
12.7232
12.5494
13.1015
12.7748
12.6933
12.8541
12.7644
13.0722
12.7654
12.6551
12.8031
12.7248
12.9825
12.567
13.1474
13.2327
12.6279
12.5693
12.298
13.0151
13.2135
12.8629
13.025
12.8558
12.7299
13.0697
12.9335
13.1959
12.7337
12.6472
13.3894
12.7822
12.71
13.1011
13.0594
12.8242
13.0078
12.8186
12.9886
12.5796
12.8624
12.7699
12.9332
12.8727
13.4236
12.8737
13.0794
12.9741
13.1805
13.0483
13.0839
12.7464
12.9659
12.7612
12.9925
13.2005
13.0524
13.1154
12.9909
12.9249
12.8257
12.5353
12.3278
12.8142
12.5579
12.2601
12.4082
12.5349
12.8067
12.4246
12.4369
12.2174
12.5949
12.7614
12.8266
12.57
12.5955
12.6608
12.7201
12.0136
12.7946
12.8421
12.8773
12.9742
12.5719
13.4347
12.9796
13.0436
12.9194
12.8515
13.197
12.9305
12.9614
12.8752
13.0049
12.8816
13.4493
12.8045
12.6752
12.8775
12.3477
13.4064
12.9748
12.9025
12.8768
13.0613
12.7044
12.9165
12.9347
13.0064
12.7424
12.6651
13.0446
12.9453
12.554
12.8308
12.3262
12.9807
13.2219
12.3814
12.9251
12.9155
13.0735
12.9761
12.7187
12.8099
12.5664
12.7361
13.0922
12.975
12.8042
13.0411
12.9642
12.6345
12.9835
12.7085
12.9792
13.0661
13.0073
12.8868
12.8263
12.7216
12.9965
12.5985
13.0715
13.4562
12.3328
13.0006
13.2009
12.931
12.7299
12.9405
12.9868
13.0712
12.9102
12.8816
13.0287
12.6722
13.0485
13.2643
13.1924
12.7011
13.2259
12.4341
12.6383
12.9376
12.6488
12.4976
13.0996
12.5215
13.1315
12.8583
12.4064
13.1528
13.1206
12.4251
13.4707
12.9177
12.5445
12.7571
13.2073
13.2522
12.4907
12.675
12.8446
12.8604
12.9061
13.2002
12.849
13.1236
12.9806
13.2045
12.3922
12.5865
12.8745
12.7885
12.7951
12.9152
12.893
12.9889
12.965
12.9643
13.0842
12.5084
12.8091
12.6108
12.9116
13.0824
13.219
12.92
13.0968
12.8998
12.8179
13.2245
12.8293
12.7974
13.3434
12.7365
12.7109
12.9499
12.9852
12.8068
13.1506
12.9253
12.8927
12.6733
12.4115
12.7851
12.8622
13.0909
12.9937
12.9685
12.7732
12.9075
12.6033
12.5533
13.1167
13.0145
12.7385
12.8484
13.0311
12.6762
12.5375
13.2336
13.1433
12.9021
12.8965
12.739
12.6896
12.5468
13.1474
12.8442
13.0978
13.0859
12.5102
13.0839
12.4452
12.6141
13.3183
12.9024
13.2382
12.752
12.7152
13.2659
13.1732
13.006
12.4367
13.1377
13.0162
13.0775
