4.29151
3.80946
4.15041
4.04313
3.85399
3.91516
4.25723
4.15644
4.19077
3.99953
4.08951
4.09739
4.27251
4.01766
3.98608
4.49198
4.02674
3.97364
4.12437
3.89061
4.10698
3.73775
4.02226
4.08123
3.8337
3.93509
3.64376
3.76851
3.93391
4.38
4.01291
4.11427
4.12062
3.63633
3.97119
3.84931
3.88565
4.34728
4.0677
3.70948
4.05663
4.10824
4.04943
3.90313
4.22769
4.28483
4.32771
4.01691
4.46646
4.31226
3.9554
4.65488
3.8181
3.99662
3.99144
4.27576
4.13335
4.04664
4.20629
3.82163
4.18689
4.37709
3.84811
4.36298
4.20917
4.0608
4.07057
3.96912
3.46752
4.14084
3.69365
4.06458
4.23576
4.04448
4.50938
3.94475
4.04193
3.83054
3.65693
3.63967
4.14152
4.50718
3.97342
4.04642
3.95949
4.34196
3.91413
4.07677
4.35348
4.15339
3.79622
4.04298
4.0155
4.18945
4.33547
4.30231
3.95642
4.09819
4.1497
4.20254
3.78845
4.02943
4.35575
4.01644
3.96317
4.27449
4.43017
3.98784
4.40144
4.43367
4.21902
4.01331
3.84796
4.41851
3.62841
4.74776
4.29934
4.55269
4.25554
3.96675
4.07305
4.21898
3.78266
3.95876
3.86221
4.29105
4.47819
4.57517
4.18007
3.58516
4.08798
3.52564
3.6894
4.02195
4.09828
4.26563
3.98082
4.38598
3.87919
3.83524
4.33345
4.03644
4.08722
4.05905
4.22954
3.95352
4.78883
4.05262
4.36086
4.33436
4.21668
3.95889
3.80343
4.30859
4.21681
4.11192
4.25615
4.04445
4.25914
4.08161
4.26488
3.83781
4.21624
3.87628
4.17731
4.43014
3.68948
4.27949
3.6629
4.11093
4.341
4.13529
4.23354
4.09094
3.95387
4.20343
4.07116
4.40924
4.14301
4.21229
3.96225
3.97336
3.67195
4.21622
4.0584
4.19755
3.75866
4.04329
4.27788
4.1175
3.771
4.00998
4.44724
4.50463
4.13803
4.15478
4.10211
3.81141
3.99201
4.09231
3.53174
4.2263
3.95041
3.41027
4.34572
4.04174
3.73323
4.0695
3.93
3.5943
4.58348
3.79318
4.39745
3.53241
3.78372
3.94344
4.23002
4.23779
4.24503
3.77364
3.7955
3.9315
4.1002
3.93017
4.13971
3.83374
3.98501
3.98362
3.94769
3.81067
3.79953
4.26201
3.86165
4.03821
4.44112
3.77675
3.8684
4.16986
4.11523
3.9989
3.87911
4.19681
3.81106
4.30207
4.0012
3.74772
4.1806
3.5633
4.15758
3.83024
4.04833
3.86321
4.30617
4.19001
4.03389
4.21869
4.13262
3.84711
3.39633
3.94254
4.19432
3.92344
3.68599
4.01996
3.94914
3.98061
4.10202
4.07862
3.9341
4.57179
3.87145
4.01984
4.2139
3.89095
4.00674
3.85906
3.86125
3.96604
3.78114
4.31343
4.01525
3.93623
4.14241
3.95344
4.14645
3.94647
3.76862
3.74301
4.03191
3.94446
4.43163
3.92376
3.89002
4.1248
4.26599
4.13089
3.50032
3.66435
4.34608
3.73745
4.12
3.90091
3.73733
4.04032
3.45534
4.01358
4.07112
3.66381
4.2925
3.74264
4.10401
4.1442
4.2658
4.05396
4.09175
4.06023
4.06195
3.76102
3.87307
4.26984
3.88071
4.01521
3.48344
4.2568
3.80217
3.96685
3.65156
3.90308
4.03861
3.71272
4.44168
3.96155
3.68151
4.03948
4.13394
3.97016
3.86669
4.21186
3.71526
4.28968
4.12014
3.82331
3.71346
4.07553
3.88095
4.0305
4.06869
3.90659
3.96061
3.91206
4.29843
4.3155
4.21405
4.25307
4.20804
4.28567
3.77064
3.87137
4.11465
3.66005
3.7109
4.17599
4.22758
3.69337
4.0402
4.37387
3.93398
3.68847
3.92822
3.73498
4.01425
3.72621
4.18895
3.7508
4.19133
3.91444
4.02362
4.29121
4.02152
3.98484
4.13849
3.92862
3.71683
3.81892
3.6171
3.78357
4.0327
4.05097
3.84995
4.30419
4.24975
4.25244
3.77762
4.11894
3.89319
3.82641
3.86826
4.0901
4.07558
3.77821
3.98111
4.2169
3.97672
4.33763
4.19151
3.97389
3.57161
3.9669
4.11853
4.09713
4.03749
4.09361
3.57645
4.0157
4.01256
3.88142
3.76476
4.08831
3.65446
3.85678
3.59761
4.14103
4.23943
3.81166
4.09359
3.89219
3.92399
4.11479
3.90066
4.20389
4.08491
4.32657
4.05615
4.08657
3.9119
4.29516
3.84312
4.38984
4.20583
4.31215
4.09401
4.39428
4.51217
4.02396
4.20781
4.08198
4.18001
3.80208
3.88452
3.86262
3.9146
3.97591
3.72589
4.22206
3.89055
4.29727
3.63704
3.60562
3.97279
3.99391
3.95775
4.20768
4.40471
4.21417
4.44119
4.34593
3.86261
4.04945
4.09167
4.183
3.94853
4.03282
4.09265
3.97119
4.14954
3.94852
4.00535
3.71715
4.01454
3.96343
4.14937
3.9134
3.70002
4.16861
4.18993
4.03122
4.37177
3.9639
4.26955
3.58936
4.24031
4.10963
4.38575
3.98969
4.18584
4.20044
4.65997
3.96494
4.23079
3.84122
4.16348
4.39951
3.92952
4.00937
3.91329
4.03067
4.30563
4.25199
4.18798
4.35547
4.1556
3.88982
3.81795
4.13881
3.96281
3.80833
4.13861
4.3
3.97147
4.46721
4.27134
4.12169
4.29207
4.16372
4.07206
4.32486
4.3677
3.96861
4.26933
4.25494
4.07175
4.49953
4.16642
3.80184
4.12452
4.6101
4.22623
4.30872
4.19205
3.76327
3.98922
4.45517
3.96554
4.29851
4.12945
3.93069
3.95539
3.96217
3.92847
4.61329
4.52769
4.0784
4.30289
4.08542
4.27711
4.14294
4.31047
4.1114
3.93663
3.9233
4.16656
4.127
3.8968
4.53966
4.50374
4.03753
4.07226
4.41243
4.41593
4.5127
4.21439
3.98425
4.17785
4.20327
4.53456
4.27252
4.32229
4.08144
4.53724
3.97796
4.26541
3.67824
4.13948
4.02173
3.8176
4.2164
3.76532
3.91133
4.14434
3.9392
3.84295
3.80636
4.32352
3.93926
3.99596
3.6784
4.23241
3.63829
3.6798
3.71754
4.20834
4.32612
3.95272
3.93934
4.06021
3.8691
3.64771
3.74064
3.48643
3.30287
4.00898
4.0332
4.02303
4.11191
3.84371
3.97065
3.54877
3.69346
4.09324
3.97005
3.36548
3.82348
3.66457
3.78019
3.8762
3.94588
3.70976
3.76825
3.84349
3.42862
4.19548
3.99918
3.9727
4.5144
4.28165
3.8591
3.98557
4.22198
3.83741
3.63624
3.80584
3.54048
4.02355
3.82188
3.9893
4.37861
3.65912
4.26138
3.87386
4.27418
3.96342
3.87692
3.82938
4.02806
4.35417
4.0554
3.93929
3.8173
4.24439
4.01123
3.97667
3.81954
4.06092
3.86425
3.56864
3.29592
4.05168
3.69738
4.27099
3.87335
3.96135
4.03805
4.42843
3.85683
3.98233
3.91362
3.91767
4.26016
3.52819
4.1366
3.73555
3.87356
4.30062
4.03444
4.06415
3.77457
3.92526
4.029
4.09969
4.05233
4.03358
3.76336
3.84287
3.91679
4.01513
4.09002
3.91786
4.30338
4.01962
3.84086
4.22812
4.17385
4.22401
3.98602
4.17004
4.18245
4.0162
3.87761
4.01386
3.96278
4.29249
4.00354
4.19293
4.19798
3.80807
4.05562
3.97996
4.25237
3.93608
3.99702
4.27696
3.91454
3.9472
3.75193
3.57433
4.34995
4.29379
4.08701
4.14318
3.79054
4.14444
4.0182
3.82548
4.35144
3.87157
3.86443
4.11051
3.94144
3.93636
4.22334
3.81918
4.01113
4.39296
4.10374
4.3468
3.98681
4.1584
3.84719
3.98846
4.1524
4.26501
4.06871
3.99059
4.01667
3.61567
4.01991
3.9848
4.02174
4.20978
3.82275
3.95261
4.13228
3.8311
4.1696
3.95602
4.24941
4.00704
3.94066
4.32669
4.3544
3.92655
4.23305
4.1602
4.18591
3.98034
4.24722
3.78765
4.15781
4.21555
4.05914
3.88284
4.20203
3.6171
4.29852
4.01751
4.23153
3.73963
3.81706
3.77186
3.9976
4.43986
4.14096
4.47113
3.91423
3.97797
4.17602
4.59148
4.09272
4.04591
4.37016
3.93807
4.23923
4.46108
4.01607
3.99513
3.71239
4.29373
4.37929
3.92293
4.26222
4.41752
4.20215
3.99727
4.28098
3.91825
4.07401
4.12814
4.22036
4.19122
4.24554
4.06192
4.5542
3.83686
3.80964
4.13047
4.17976
3.92013
3.86439
4.23054
4.30291
4.25666
4.19066
4.42264
3.82047
4.43488
4.01212
3.92239
4.18528
4.1356
4.29125
4.12531
4.45324
4.22207
4.01339
4.15528
4.22289
4.14376
3.65725
3.94626
4.33005
4.3334
4.3395
3.46413
4.18708
4.24875
4.21965
3.99811
3.69983
3.93985
3.81836
4.06641
4.27666
3.89541
3.99192
3.85268
4.06171
3.51467
4.10012
4.14087
4.17194
3.82826
4.21487
3.71806
4.08843
3.93927
3.65946
3.79427
3.98364
3.955
4.02187
4.17269
3.93485
4.17774
4.00199
3.87675
4.37833
3.70743
4.16103
4.23754
4.12297
3.61321
4.16773
4.3965
3.97563
3.60175
4.12235
4.12455
4.06391
4.03843
4.1644
3.79552
3.87437
3.79532
4.04917
3.94278
3.92417
4.16854
4.423
3.86994
3.64207
4.14651
4.35563
3.57617
3.79217
4.27744
3.99231
3.91675
4.21809
4.31031
3.64936
3.98418
3.7013
4.21481
4.35535
3.97237
4.24175
3.73626
3.58334
3.81433
4.0989
4.06564
4.40336
3.92226
3.81006
4.12609
3.92043
3.92219
3.62543
4.12561
4.15311
3.9713
4.23623
3.75279
3.60874
3.98839
3.81916
4.26407
4.2859
4.12645
4.1781
4.33273
3.94732
4.2612
4.39947
4.15849
4.16324
3.77354
3.93089
3.91481
3.99711
4.1693
4.01406
3.89071
3.77915
4.06177
4.09414
4.01313
3.78434
3.95927
4.03029
3.94606
4.15401
3.98967
3.81321
4.01934
3.95115
3.96016
3.88297
3.92255
4.19838
4.59907
4.47632
3.85861
4.17011
4.53407
3.59127
4.21738
4.24407
4.04263
3.9785
4.68329
3.79098
4.25234
4.13792
3.74364
4.26661
4.46663
3.79841
4.01601
4.02335
3.90651
3.74325
4.08164
4.00266
4.30863
4.30363
3.71355
4.18584
4.02858
4.00979
4.45504
3.91863
3.94009
3.69079
4.34158
4.29696
4.08566
3.76165
4.18598
3.90457
4.19826
4.55696
4.18735
4.33684
3.82676
4.11523
3.72139
3.87157
3.86926
4.40065
4.21979
4.09694
4.05788
4.56054
3.77639
4.74498
4.01139
3.92964
4.36278
4.13934
4.26662
4.0327
4.38977
3.76839
4.12762
3.69016
4.04982
4.40744
3.78174
3.7079
4.05153
4.03828
3.93492
4.10455
4.11054
4.21007
3.64449
3.91694
4.11322
4.02636
3.89213
4.07108
4.54481
3.99644
3.73013
4.00233
4.06145
4.1549
4.57354
4.38189
4.19042
3.85637
3.86665
4.0713
4.10393
4.62483
4.27344
3.93768
4.3497
3.61841
3.70562
4.04509
3.96182
4.46043
4.44577
3.86284
4.19602
3.96104
4.15723
3.55638
4.23054
4.17957
4.45685
4.22394
4.25929
4.29158
4.14872
4.32736
4.5402
4.08699
3.93277
3.92607
4.00098
3.97387
4.27472
4.10015
4.00508
4.15545
4.06693
4.20553
4.37767
4.15584
4.05915
3.79201
3.89232
4.03894
3.64833
4.0047
4.1566
4.43955
3.9584
4.29548
4.05149
4.13936
4.15628
3.76515
4.34971
3.95681
4.08078
3.99236
3.93175
3.98828
3.96405
4.30091
4.44444
3.6875
3.86236
3.93232
3.99388
3.8324
3.74929
3.92787
4.27945
3.78983
4.38573
4.06349
3.86983
4.04862
4.32925
3.94698
4.2047
4.05903
3.76
4.14495
3.721
3.85732
4.16627
4.01223
3.9955
3.89466
3.97739
4.20626
4.25713
3.84445
4.02737
4.09798
3.74631
3.65942
3.68755
3.94957
4.34333
4.35767
4.01796
4.10272
4.09875
4.04342
3.91239
4.26492
4.22053
4.01474
4.1268
3.78052
4.45995
3.86136
4.63818
3.79736
4.12896
4.03349
3.88857
3.93727
3.95772
3.79654
4.22447
4.14308
4.15076
4.13528
3.5866
4.20326
3.98467
3.98652
3.93982
4.06486
4.02047
3.87598
4.09609
4.02254
4.11987
4.0066
3.99644
4.11791
4.40427
4.10334
3.89536
3.72273
4.057
4.00148
3.90858
4.11095
3.99368
3.76961
4.19411
4.1602
4.13387
4.08032
4.27106
4.11366
3.78398
4.30827
4.03716
4.29452
4.4081
4.56613
4.31176
4.28573
4.11183
4.12158
4.00264
4.43881
4.55867
4.41651
4.11724
3.98822
4.14513
3.98877
4.50619
4.67175
3.95274
4.07396
4.18512
4.0307
3.89012
4.31481
4.2001
4.4962
4.3292
4.00208
4.05573
4.67733
3.99653
4.21894
4.37683
4.15659
3.98496
4.14901
4.27241
4.53889
4.08888
4.16166
4.23168
4.2258
4.46608
4.25767
4.203
4.27271
3.97623
4.21941
3.75989
4.16659
4.20652
4.28721
4.24127
4.51613
4.01026
4.19822
4.36514
4.15417
4.26911
4.5474
3.86876
4.20103
4.51367
4.41269
4.01962
4.4848
4.11422
4.14114
3.92102
3.84718
4.13957
3.76031
4.07745
4.06421
4.10742
3.75055
3.99962
3.51403
3.93512
3.56548
4.05469
4.18668
3.84426
3.99249
3.95005
3.93631
3.65885
3.85811
3.62183
3.7292
4.1323
3.87529
4.04806
3.92147
3.6871
4.13787
3.94888
3.95899
4.00695
3.91479
3.65063
4.10328
3.88037
4.11321
3.86505
3.87823
3.79613
3.76218
4.03848
3.93633
3.79731
3.84587
3.86342
3.95763
3.97975
3.87499
4.20914
3.72531
3.72289
3.88966
3.63206
3.88484
4.08818
4.01393
4.00631
3.74499
3.70582
4.22376
4.10432
4.2035
4.05772
3.94062
3.76903
3.74157
3.93341
3.83873
3.94596
4.11123
4.04056
3.97313
4.03666
4.20807
3.57083
3.81035
3.8764
3.69846
3.86491
4.10896
3.73413
4.16875
4.00052
4.30334
4.32146
3.9195
4.3076
4.20179
3.84762
3.94767
4.44022
4.31595
4.38372
4.01343
4.00294
3.8622
4.13116
3.86116
4.5073
4.36315
3.88232
4.03743
4.0275
4.15716
3.98939
3.99876
3.70538
3.93203
4.2985
4.0089
3.50409
4.17184
4.0259
4.36634
3.88666
4.6557
3.7676
4.1479
4.11355
4.2509
4.07737
4.10551
4.18406
4.0496
3.98835
4.23443
3.89373
3.97742
4.01124
4.28126
3.95573
4.23541
3.90769
3.94689
3.67244
4.32976
3.98216
4.20074
4.43381
3.69092
4.56157
4.02667
4.30964
4.28605
3.88078
4.08239
4.01651
4.02097
3.86004
3.98317
4.23647
3.8674
3.9915
4.14001
4.34956
4.35159
3.91937
4.1614
4.08957
4.13036
3.7851
3.94873
4.16767
3.85309
4.097
3.84368
4.05456
4.49728
4.37048
4.17889
4.3375
4.012
4.40794
4.37623
4.08448
4.13883
4.46084
3.77959
4.24124
3.81325
4.20147
3.79306
4.06758
4.34192
4.05437
3.73704
4.23885
3.9315
3.83795
4.19363
3.92539
4.31336
4.05845
4.63825
4.39393
4.27351
3.95932
4.22807
4.3742
4.06226
4.48803
4.0602
4.16519
4.1801
4.39069
3.70574
4.19101
4.36791
4.13624
4.22864
3.97308
4.12955
4.39027
3.92431
4.23446
4.56277
4.24163
4.12662
4.17313
4.26597
4.4531
4.4637
4.08664
3.85538
4.28341
4.15333
4.42752
4.04124
4.14673
4.32311
4.0529
4.59764
4.18833
4.0228
4.59489
4.66114
4.41347
3.94332
4.18653
4.28815
4.3409
4.402
3.81149
4.30125
4.05591
4.30789
4.63226
3.95845
3.99672
4.13138
4.10173
4.34868
3.66694
4.35227
3.75222
3.46959
3.92591
3.89426
3.62637
4.26535
3.35648
3.91378
4.20117
3.77498
3.89168
3.72799
3.84264
3.94152
3.98609
3.74027
4.19727
4.0949
3.87629
4.29837
3.78623
3.86617
4.32899
4.22557
4.34534
3.98945
3.99468
3.82172
4.34662
4.25465
4.00085
3.78356
4.05897
4.16169
4.18629
4.01502
3.68802
4.08478
3.94513
3.93293
3.90303
3.86278
3.9998
3.95542
3.76949
4.05106
3.66752
4.05511
3.93767
4.01423
3.83815
4.13802
3.70288
4.026
3.88534
3.8403
4.0602
4.07624
3.88486
3.87799
3.63552
4.00001
3.54205
4.01024
3.87551
4.03498
4.26952
4.07873
3.78113
3.83952
4.13917
3.73645
3.94546
4.20255
4.27427
3.61405
4.00576
3.95886
3.96276
4.24589
4.02556
3.78137
4.26364
4.10471
3.88944
3.61989
3.95945
3.76266
4.29771
4.26849
4.33384
3.88051
4.17446
4.20604
4.2833
4.42395
4.17959
4.03451
4.46399
4.04038
3.65333
4.0229
4.26107
4.17677
3.80069
4.01075
4.03926
4.5015
4.01533
4.09903
4.13123
3.94232
4.02926
4.35435
3.92453
4.19444
3.9546
4.23598
4.41417
4.35718
4.12896
4.61298
4.42561
4.08514
4.75313
4.32725
4.1705
3.74432
4.16202
4.43072
4.68292
4.23102
3.93227
4.37803
4.46976
4.278
4.29613
4.61644
4.23817
3.99996
4.06792
4.02202
4.15121
4.15035
4.29922
4.17393
4.72742
4.22007
4.09962
4.54646
4.15925
4.14717
3.89259
3.76297
4.37466
4.12333
4.24967
4.03325
4.34902
4.12445
4.22174
3.71107
4.11794
4.08434
4.31734
3.91383
3.62196
3.84295
4.13821
4.21424
3.82336
4.17988
3.90744
4.19477
4.0189
3.87322
3.99652
4.12189
4.55525
3.75082
4.21921
3.86041
3.76181
4.00274
4.19638
4.2437
3.97693
3.93356
4.08113
4.05378
3.70291
4.22669
4.13097
3.95332
4.10606
4.23017
4.33505
3.89864
4.15185
3.80646
4.1993
4.19346
4.18166
3.78816
4.26632
3.90325
4.21836
3.89799
3.83348
4.04951
3.78389
4.14674
4.18692
3.70762
3.89263
4.5177
3.51038
4.10296
4.04142
4.14147
4.06956
3.58658
4.27459
3.73959
4.29972
4.18374
4.07923
4.01613
4.37718
4.08111
4.0918
3.97733
3.95774
3.97193
4.07649
4.29456
4.13818
4.02899
3.94938
4.37814
3.86371
4.46372
4.09428
4.26831
4.23618
4.26213
4.33907
3.68972
3.98078
4.18145
4.17267
3.98258
3.86186
4.09381
4.36412
4.07105
4.20089
3.98023
4.08333
4.26445
3.88315
4.11682
4.49687
4.39655
3.71166
4.54921
4.21579
3.96048
4.43075
4.52148
4.32911
4.24659
3.59944
3.88239
4.24265
4.49115
4.43155
4.01146
4.29216
4.04676
4.39815
4.29638
4.17337
4.59542
4.18877
3.768
4.27394
4.03707
4.47406
4.33083
4.34156
4.24284
4.15087
4.12083
4.4799
4.37085
4.27662
3.9756
3.80269
4.013
3.92027
4.18901
3.88813
4.40686
4.36661
4.45255
4.35958
4.06208
4.55155
4.01335
4.01048
4.37837
4.14387
4.29764
4.02532
3.95805
4.00522
4.21652
4.48534
3.73983
4.05582
4.12996
4.11196
3.89577
3.76839
4.19599
3.90443
4.19716
4.12112
3.99819
4.14673
4.2544
4.23361
4.02829
3.71727
3.96379
3.95548
4.3184
4.20999
4.10428
3.70637
3.86646
4.06136
4.03738
4.08938
3.99782
3.7404
3.89397
4.1337
3.88079
4.13524
4.12664
4.02803
4.05253
4.23278
4.02043
4.0512
3.85267
3.98356
4.38264
3.93114
3.80009
3.8081
3.75037
3.91862
3.78883
4.06023
4.20234
3.58807
4.03854
4.28519
3.90915
4.02953
3.77504
4.03164
3.80579
4.21102
4.10653
3.32624
3.92053
4.08512
3.92315
3.5624
4.50453
4.26968
4.03408
4.0209
3.82605
3.95632
3.7262
3.90945
4.05466
4.03801
3.96911
3.76582
3.78838
3.9845
3.64175
4.06385
3.94097
4.33644
3.48744
4.25379
4.21079
4.0852
3.7824
3.9212
4.08893
3.53733
4.30605
4.13897
4.13946
4.51014
4.53226
4.04543
4.20594
4.28739
4.13879
4.42334
4.22981
4.32581
4.53894
4.17432
4.15493
4.255
3.89087
4.22582
4.04825
4.05735
4.18045
4.41243
3.67806
3.91784
4.01806
3.83992
4.31042
4.28519
3.99368
4.09988
3.84373
4.08041
3.70033
3.93932
3.71039
4.07327
3.90111
3.97979
4.24685
3.84303
4.77174
4.17521
4.51243
4.0123
3.93137
4.35462
4.01744
4.22649
4.16809
4.11405
3.52005
4.5233
4.1875
4.16445
3.984
3.70627
4.17181
3.92489
4.00381
4.12826
4.47156
4.29719
4.16983
4.26118
4.33338
4.28465
3.87422
3.68241
3.58034
3.84256
4.20119
3.60488
3.83734
4.07784
4.05174
3.84499
3.86277
3.80067
3.78311
4.24091
4.16958
4.25624
3.83348
4.1578
4.26141
4.07112
3.90505
4.18769
4.24113
3.85711
4.08721
4.33859
4.07907
3.6204
4.08034
3.98327
3.86073
4.3321
4.03183
4.31254
3.75265
3.78504
4.34748
4.56963
4.26989
4.09335
4.215
4.00531
3.52812
4.2217
4.12563
4.4457
4.44142
4.22219
4.54193
3.70764
4.55416
4.58905
4.12811
3.96911
3.89888
4.00862
4.08539
3.83794
4.06747
4.32447
3.8825
4.31418
4.07003
4.47176
3.92823
3.964
3.81609
4.3016
3.86489
4.35288
4.16249
4.03879
4.46069
4.08759
4.37191
4.16793
4.50686
3.80564
4.1686
4.14389
4.04542
3.83968
4.11473
3.99932
3.9818
4.41842
4.02262
4.61373
4.09473
3.8048
4.39259
4.36407
3.81737
4.47914
4.40738
4.07071
4.04376
4.14212
3.8003
4.62674
4.5036
4.1506
4.23093
4.18748
4.0968
4.15409
4.13163
4.15345
3.88735
4.04392
4.01473
4.26488
3.93721
3.59046
4.41877
3.99307
4.4122
3.97651
3.88049
4.25601
4.48211
4.42462
4.03592
3.84244
4.53718
4.19429
4.26726
3.85464
4.18635
3.85322
3.834
4.11656
4.42244
4.4353
3.81145
4.04541
4.39113
4.05041
4.11622
4.29292
3.88186
3.98482
3.85232
4.05423
4.07933
4.37947
4.09303
4.32199
4.16349
3.99806
4.10015
3.78238
3.96997
4.2025
4.11638
3.70528
3.92473
3.91922
3.96547
3.84285
3.81024
3.98161
4.27773
3.92661
3.74173
4.00881
3.88227
3.99958
3.70191
3.8049
3.97917
4.1079
3.67979
4.17817
3.78471
3.7485
3.92433
3.66581
3.82117
3.80812
4.07682
4.04276
4.12615
4.10821
3.7053
3.8156
3.92775
4.04566
3.93737
3.86913
3.92442
3.49356
3.87956
3.5269
4.05635
4.02222
3.68948
4.07632
3.87198
3.88051
3.7909
4.10497
4.20537
4.01598
3.93036
3.81742
3.73723
3.90399
3.94588
3.98192
4.11201
3.88056
4.0607
4.10756
3.90947
3.72437
3.41247
3.53504
4.20069
4.0152
3.9406
3.4099
4.18523
3.83487
3.8623
3.77735
4.117
4.08563
3.96027
4.3294
4.22886
3.766
3.4899
4.03152
3.68883
4.43738
3.73685
4.34065
3.63856
4.25374
3.91555
3.80537
3.70259
4.28066
4.03319
4.0041
4.24174
3.71171
4.25415
4.08332
4.3445
3.99181
3.75422
4.40394
4.0045
4.25486
4.11388
4.2315
4.12981
4.51613
3.64483
4.2459
4.35241
3.87838
3.93101
4.23266
4.08172
4.29627
4.20493
3.91416
4.30229
3.93638
4.60784
3.8752
4.1791
3.88207
3.90125
4.2324
4.33849
4.06918
4.14737
3.97715
4.0011
4.04126
3.91582
4.10657
4.20789
4.02679
3.7208
4.07326
3.75605
4.12128
3.97561
4.23418
3.98267
3.73029
3.88845
3.78286
4.19997
3.51079
3.86081
3.5912
3.69387
3.83931
3.80218
3.61034
4.16286
4.22289
3.6402
3.68994
3.85752
3.62881
4.09869
3.91178
4.01729
3.89863
4.05693
3.90307
3.83495
3.66578
3.99211
3.81906
3.92214
4.09932
3.99707
3.88979
3.83906
3.6751
3.66594
3.67939
4.4681
3.64972
3.82756
4.18028
3.69407
3.8427
3.68498
3.76298
3.79502
4.04534
3.40661
4.13525
3.80301
3.86871
4.03431
4.04034
4.19305
3.88579
4.06668
3.64323
3.99555
4.01007
3.66783
3.97424
3.78605
4.20608
3.73321
3.8977
3.53405
3.78828
3.91948
3.47063
3.88322
3.84863
4.02659
3.79249
4.05179
3.88303
3.93033
4.03151
3.7851
4.11766
4.3106
3.95861
4.28842
4.36026
3.90179
4.47184
4.29115
3.7394
3.69025
3.58585
4.1247
4.0426
4.02165
3.96254
4.25034
3.89288
4.31109
4.57565
4.27479
4.10548
4.06248
4.11697
3.90914
3.95453
4.24843
4.34158
4.2015
4.1343
3.65732
3.93996
4.23488
4.0487
4.30184
4.18078
3.91992
3.69215
4.09417
4.10222
4.353
4.15495
4.07332
4.4054
4.11247
4.30909
4.08024
3.99914
4.01899
3.78508
4.15117
4.13072
4.25596
3.71384
4.23139
4.26525
4.17102
3.96151
3.99971
4.31454
3.87041
4.32238
4.10977
3.99267
4.05108
4.27312
4.05468
3.84224
3.64395
4.16635
4.12091
4.25151
4.28973
4.51192
3.92062
4.09331
4.19936
4.02749
4.10312
4.07161
4.0035
4.304
4.12691
3.88832
4.2697
4.12511
4.12367
4.48722
4.18108
4.07947
4.45467
4.12868
4.24257
4.13183
4.26401
4.31223
4.1521
4.16236
4.69139
4.29569
3.75392
4.33986
4.26016
4.13341
3.77734
4.4248
4.19456
4.0213
3.81022
4.31846
4.4632
4.26749
3.97495
4.31292
3.87534
4.56418
4.07075
4.28855
4.30259
3.99083
4.31296
4.17358
3.78135
4.04983
4.31005
3.89119
4.53014
4.42965
3.91975
4.04406
3.97164
4.0775
3.9427
3.91829
4.24823
4.42455
3.91452
3.75714
3.87593
4.33998
4.1765
4.17291
4.29528
3.95628
3.90979
3.64089
4.2943
4.19947
3.70642
4.08443
3.56901
4.14083
4.15524
4.2434
4.09019
4.28833
4.25608
3.94673
4.13076
4.20952
3.8325
3.55679
4.37214
4.20771
4.14388
4.48769
3.8967
4.26401
3.89046
4.03668
4.26635
4.2025
3.78652
4.2293
4.24694
4.10204
3.53063
4.0256
4.43162
4.0352
4.34463
4.26394
4.31738
3.83501
4.37088
3.77797
4.14173
3.96466
4.05891
4.2649
3.88627
3.8725
3.95628
4.30719
4.15961
4.0858
4.30278
4.09749
3.92331
4.55036
3.94859
4.03663
4.26528
4.21039
4.42355
3.59477
4.22807
3.81653
3.98013
4.102
3.73558
3.97873
3.90535
4.28399
4.42834
4.07668
4.21634
4.09789
4.18843
4.44298
4.13643
4.03338
3.50486
4.03009
4.09528
3.85186
4.32489
4.32244
3.85932
4.0477
3.76405
3.96358
3.76028
4.09785
3.64472
4.0808
4.22849
4.12539
3.9838
4.24307
3.90178
4.12492
4.06693
4.2373
4.00836
4.26401
3.96937
4.01291
4.21429
4.13214
4.18429
4.09727
4.28901
4.10531
3.97615
4.44683
4.17797
4.30349
3.9806
4.00058
4.21295
4.02952
3.9817
4.39889
3.87749
4.21775
4.37536
4.10685
3.64548
3.97212
4.01855
3.84889
3.81784
3.97793
4.16922
4.54369
3.58476
3.81028
3.53722
4.24244
3.70464
4.38427
4.16169
4.00979
4.24079
4.01766
3.4768
4.37008
4.34365
3.94259
3.99002
4.13465
3.91815
3.94248
4.1137
4.1209
4.01896
3.87219
4.08175
4.50266
4.08815
4.12004
4.10888
3.62319
4.1092
4.08928
3.73086
4.21642
3.99745
4.05491
3.82831
3.83704
3.88007
3.86458
3.81852
3.93929
4.07698
4.07959
4.31673
4.1028
4.01453
4.0118
4.34702
4.06239
3.60588
3.81372
3.95492
3.71989
4.19449
4.17307
4.31371
4.53969
4.29559
3.84433
3.83584
4.40684
3.89813
4.03367
4.09681
4.28232
3.82887
3.78566
4.25232
4.12189
4.02006
4.1273
3.89307
4.49456
4.0285
4.18803
3.97101
4.14038
3.66252
4.38905
4.11377
4.00148
4.1174
4.04711
4.07721
4.2442
4.3474
4.20489
4.29281
3.99201
3.78235
4.09169
3.87741
3.83664
4.0632
4.03793
4.00183
3.80348
3.94878
3.95932
4.26006
4.00974
4.12368
3.84913
4.17023
3.77605
4.32484
4.10036
3.75789
4.06438
4.00605
4.30622
4.22996
4.38173
4.40279
4.38129
3.8703
4.17759
4.34706
3.89568
4.44032
4.32445
4.0303
4.07443
4.36124
4.26418
4.12553
4.33831
3.72168
3.85313
4.49347
4.24101
4.21238
3.65155
4.26752
4.25176
3.71226
3.92543
3.50361
3.99754
4.23027
4.07853
3.83555
3.87451
4.20941
4.17722
3.77709
4.17436
4.31346
4.10086
4.26165
3.72208
4.12353
4.13499
4.19135
4.03804
3.91832
4.25084
3.87163
4.03869
3.95933
3.85857
4.06211
3.75982
3.84185
4.02792
4.196
3.9476
3.33198
4.18456
3.47567
4.41081
3.95959
3.67156
4.19185
3.98643
4.45772
3.78771
4.23354
4.07243
3.58537
4.00427
3.81073
4.00903
3.9089
4.14992
3.9316
3.71481
4.26313
3.82356
3.68576
3.8112
3.74384
3.91796
3.8498
3.78489
4.32915
4.22494
3.93021
4.19617
3.98216
3.70856
4.1456
3.91199
3.80591
4.25301
3.81244
4.22219
3.99944
3.85447
3.91996
4.14627
4.50687
3.77744
4.32978
3.9483
4.00374
4.32566
4.10128
4.29384
3.87274
4.61459
3.92157
4.66403
4.24759
3.94343
4.44082
4.44192
3.78304
4.04963
4.2402
4.19619
3.9617
4.36945
3.84223
4.11512
4.00779
4.13415
3.9372
4.17816
4.12965
3.99671
4.36948
4.44892
4.28822
4.31575
3.92574
4.07005
4.00626
4.20845
3.78541
3.9165
4.28807
4.0993
3.8908
4.55978
3.88071
3.87228
3.94052
4.22916
4.43668
4.07729
4.56672
4.26183
4.13773
3.79823
4.2091
3.31506
3.91477
3.6556
3.39582
4.05999
3.80345
3.95349
4.17931
4.14853
3.51882
3.92212
3.74624
3.52131
3.88771
4.01089
3.75047
4.06821
3.82161
3.99957
4.1381
3.91614
3.92489
4.30256
4.00968
4.07566
3.92264
3.70076
3.57674
3.87956
4.06648
3.64381
4.04059
3.80429
4.14113
3.86085
4.00707
4.45596
3.85486
3.77408
4.11401
3.88383
3.88598
4.1478
4.23144
3.99165
3.98343
3.83148
3.81225
4.27683
3.7538
3.73603
3.92788
3.68336
3.63562
3.68844
4.15386
4.34244
3.58133
4.0522
4.14984
4.15197
4.25204
4.1529
4.18224
4.28356
4.37929
3.93972
4.06288
4.07056
4.33965
4.13646
3.80655
4.11538
3.91481
4.12958
4.41486
4.41185
3.74125
3.88571
4.47383
4.24309
4.26031
4.29807
4.1916
4.31223
4.39617
4.1097
4.11823
4.29139
3.52623
3.8997
4.23165
3.5897
4.48485
3.82298
4.11094
4.65402
3.99057
4.55858
4.36325
4.23881
3.95338
3.95004
3.96865
4.12399
4.16438
4.06526
4.29293
3.66909
4.26742
4.34329
4.29258
4.16114
3.97018
3.50122
3.82066
3.54263
4.02953
4.33665
4.19029
4.0282
4.12535
4.18806
4.186
4.46993
4.3681
3.99037
4.19762
4.11221
4.30047
4.22941
4.45641
3.61577
4.19027
4.22162
4.09435
3.8952
4.13376
3.78507
3.9264
4.65678
4.16819
4.30402
4.0816
4.34181
4.47808
4.59465
4.43021
3.95127
4.06094
4.03558
4.10644
4.3246
4.40232
4.2131
3.96185
4.09922
4.18817
4.15592
4.10568
4.32498
4.20332
4.13992
4.32998
4.21761
3.91666
4.18924
4.40631
4.60641
4.085
4.10396
4.34712
4.08698
4.28629
4.26954
4.22529
3.56875
3.92971
4.17652
4.22366
4.31952
3.87615
4.2337
4.369
4.10716
3.80193
3.74304
4.26408
3.67903
3.88516
4.24131
4.52456
3.98204
4.28828
4.08563
4.1512
4.20035
4.21133
4.16256
3.72415
4.1826
3.88117
4.25883
4.2303
4.27679
4.22924
4.35774
4.25091
4.31934
4.24733
4.12316
4.00349
3.82135
4.25483
4.32551
4.13682
4.41341
3.9176
3.99975
4.04212
3.89355
3.66952
4.08602
4.01294
4.05274
4.37473
3.93892
3.97027
4.27364
3.84572
4.38172
4.22116
4.18888
4.15613
4.24956
3.99442
3.97451
3.82284
3.81707
4.46096
3.91334
4.11511
3.74537
4.30585
3.90989
4.26931
3.87112
3.90264
4.42033
4.1127
4.3486
4.24446
4.39548
4.26747
3.9693
4.28898
4.31998
4.13126
4.35228
3.9531
4.16937
4.4936
4.2076
4.15477
4.27443
4.29832
4.51034
4.21835
4.11082
3.92613
4.12842
3.98291
3.97502
4.28267
3.80896
4.09676
4.50067
4.25842
4.56974
3.97032
4.58875
4.22302
4.30341
3.89931
4.16289
4.45429
3.94685
4.29502
4.27875
4.65462
4.39984
4.16788
4.16241
3.99074
4.20274
3.94141
3.9879
4.4682
4.30397
3.99784
3.84441
4.5602
4.18501
3.91136
4.35738
4.18734
4.20554
4.21901
4.43123
3.98241
4.28796
4.20218
3.93925
3.88774
4.13192
4.16254
3.54481
4.46838
4.09609
4.35815
4.20428
3.96163
4.46418
3.9152
4.37943
4.11645
4.16207
3.97964
3.67623
4.25698
4.07457
4.27231
4.13001
3.87067
4.1494
3.89183
4.44431
3.851
4.23186
3.94643
3.55731
4.25112
3.83004
4.1538
3.73391
4.10403
4.27725
4.13449
4.43897
4.02197
4.07452
4.09885
4.0655
4.07608
3.83281
4.00894
4.21217
4.11725
4.01868
4.00547
4.36445
4.09428
3.88339
4.31929
3.80184
4.07019
3.37186
3.66831
3.80527
3.88629
4.02174
4.08078
3.79984
4.1856
3.72934
4.07471
3.75904
3.66849
3.84311
4.14357
3.72089
4.24953
4.19834
3.72775
3.83629
3.80929
3.99931
3.79707
3.80611
4.1861
4.13032
3.67509
3.80917
4.47082
4.22137
3.98375
3.91917
4.07388
3.73143
4.0085
4.41816
3.96139
4.0219
4.06489
4.30235
4.12157
3.81815
4.09167
3.69754
4.0704
3.45766
3.51363
4.11278
4.16008
4.16463
4.03963
4.03636
4.46697
3.84108
4.01515
4.09848
4.13693
3.96203
4.47118
4.00858
3.97002
4.20661
3.83779
4.12044
4.08062
4.16775
4.01444
4.21757
4.10599
3.75831
4.15851
4.36638
4.04489
3.89685
3.81666
4.00195
3.93386
3.92439
4.07615
3.7837
3.99607
4.02055
4.19005
3.95566
4.51361
4.11687
4.08116
4.02578
4.14813
4.23559
3.89089
4.25334
3.87422
4.18524
3.8395
4.47145
4.05355
3.78927
4.32559
4.21659
3.91404
3.73099
3.8659
4.21609
4.15661
4.53323
3.74255
3.7475
4.28651
3.96396
4.33506
4.36162
3.98744
4.1885
4.1183
4.2406
4.1783
4.28488
4.08741
3.51305
3.85244
3.98979
4.15372
4.25184
4.01378
4.59615
4.60523
4.18299
4.23843
4.2288
3.69527
3.96696
4.37538
4.07995
4.25372
3.98345
4.24602
4.34685
4.02311
3.92637
3.95659
4.01084
3.88945
4.40185
4.47463
4.27462
4.00554
4.00688
4.64901
4.03984
4.46858
4.03547
4.11085
4.45596
4.28295
3.42318
3.77134
3.32004
4.38627
4.31941
4.27182
4.50082
4.46876
4.30985
4.43089
4.3807
4.00707
4.40761
4.13582
4.29769
4.25176
3.75412
4.06386
3.7296
4.31786
3.78341
4.13653
4.18484
3.92629
4.24301
4.43973
3.74475
4.12376
4.24467
3.94413
3.58663
3.6465
4.1077
4.41328
4.26223
3.92786
4.60827
4.06193
4.27238
3.86292
4.05776
4.35803
3.82774
3.79066
4.1752
3.72572
4.07284
4.25513
3.88509
4.38435
4.16435
3.95959
4.27796
4.11972
3.75649
3.86619
3.66649
4.09822
4.15336
3.99793
3.92682
4.40614
4.02579
4.47674
3.98797
4.49831
3.95443
3.94215
3.80645
3.93425
4.23419
4.45088
4.01141
3.96624
4.17415
3.67636
4.09015
4.2259
3.8657
4.22685
3.86319
4.1622
4.36469
4.26032
4.18303
3.87446
4.34904
4.01707
4.43381
4.24026
4.29166
4.51135
4.18516
4.15391
4.30041
4.20587
3.93392
3.60651
4.05281
4.04802
3.82911
4.04361
4.63267
4.13192
4.15863
3.88166
4.23546
4.44588
4.07608
4.10109
4.424
4.2315
4.26634
4.14864
4.2214
4.27607
4.206
4.40283
4.25549
4.18238
4.27152
4.04072
4.25001
4.44178
4.56553
4.42335
4.15378
3.98451
3.93337
4.18465
4.47809
4.0188
4.28904
4.23361
4.08362
4.18915
4.31919
3.91374
3.91505
4.3866
4.1985
4.54167
4.18184
4.65511
4.47272
4.1699
4.37854
4.35599
4.12714
3.92088
4.42552
4.34615
4.14886
4.55644
4.27833
4.01558
4.52077
4.08624
3.92008
4.01824
3.99669
4.12242
4.11714
4.28359
4.67199
3.95295
3.98031
4.11493
3.72959
4.09416
3.58935
3.94564
3.80343
3.58119
3.73449
4.16036
3.7593
3.96279
3.76666
3.83406
4.17341
3.99379
4.06198
4.12307
3.66251
3.72821
3.79555
3.53535
3.90969
3.58357
4.07179
3.98488
3.81893
3.88397
4.04208
4.30376
4.09833
3.91557
4.04996
4.1325
3.74674
4.35352
4.1452
3.93659
3.63512
4.34716
3.6877
3.80802
4.24562
4.15776
3.81436
3.3202
3.42083
4.26086
3.91709
3.82691
3.92893
3.99461
3.85973
4.04672
3.91894
4.17079
4.12432
4.24076
4.72456
4.23627
4.21672
4.35824
3.97049
4.2204
4.44155
4.32316
4.20689
4.45613
4.12299
4.34989
3.94266
4.06384
4.13921
4.40942
4.0814
4.26127
4.23253
4.0127
4.58469
4.41828
4.69029
4.09752
4.71851
4.25536
4.24561
4.61299
4.42796
4.63337
3.98432
4.54483
4.4119
3.97345
4.22279
3.77559
4.28416
3.73859
3.76589
4.50144
4.19062
4.1619
4.05621
3.9969
4.49178
4.1974
4.2269
4.30234
4.06205
4.04805
4.42513
3.65221
4.06581
4.15455
3.93346
4.34595
4.20222
4.27281
4.11823
3.81731
4.10156
3.90474
4.13103
3.9467
4.30501
3.67946
4.10548
4.42101
4.16057
4.35232
3.79411
4.43375
3.99433
4.30421
3.86981
3.77973
4.53555
4.02203
3.94141
4.41495
4.02854
4.1321
3.95915
3.79381
4.22181
4.16323
3.85047
3.94364
4.04596
3.80995
4.22175
3.7765
3.9033
4.14682
3.96836
3.78825
3.82978
4.30196
4.32793
3.98704
4.13984
4.2702
4.0106
4.30833
4.30982
4.18645
4.00391
3.4902
4.01697
3.85215
3.98339
3.61798
4.1991
4.06009
4.00621
4.0567
4.04875
4.69776
4.39246
3.95208
4.23495
3.92679
4.32914
3.96468
4.24203
4.08239
4.17155
3.96408
4.19447
4.43944
3.84238
4.20727
4.24746
4.06927
3.66072
3.65191
4.05596
3.88881
4.16418
3.71441
4.1417
4.22186
3.83113
4.34231
4.0538
4.11878
4.05624
3.94155
4.16073
4.19602
4.35065
4.25482
4.19879
4.23398
3.96685
3.72925
3.71595
4.37416
4.37441
4.15074
4.18885
4.43899
4.05458
4.25463
4.32667
4.02314
4.01841
4.16732
4.15675
4.1796
3.60818
3.881
4.17676
3.98701
4.41077
4.36399
4.4127
4.0615
3.651
4.03667
4.11615
4.108
4.20881
4.29273
3.85739
4.00701
4.07221
4.2816
4.15026
4.03825
3.9498
4.22641
4.32642
3.91095
4.14747
3.94537
4.38988
3.99997
3.92794
4.15838
3.94823
4.15474
4.09596
3.7971
4.11653
3.65757
4.15119
4.26693
3.88902
4.26661
4.47172
4.34252
3.91376
4.19128
4.26376
3.85403
4.04688
4.35031
4.00624
4.11585
4.00683
4.52958
4.11362
3.91116
3.95662
3.87655
4.23292
4.13242
3.95536
4.35483
3.87514
4.32379
3.81447
4.00728
4.39943
3.86417
3.93318
4.11686
4.00215
3.61086
3.93118
4.31494
4.23379
4.24292
4.25063
3.97666
3.87782
4.06242
4.2768
4.12598
4.10602
3.80002
3.82511
4.08818
3.99223
4.70148
4.1067
3.8269
4.07673
3.93641
4.0137
4.22875
4.44768
4.19327
4.49695
3.85335
4.14958
3.87728
3.86894
4.20753
3.92137
3.95423
4.00869
3.82001
4.16346
4.31252
3.98876
3.86942
3.63532
3.78947
4.3336
4.00329
4.06746
4.38591
3.84056
4.19157
4.55705
4.20855
4.17869
4.3398
3.98493
3.76694
4.25648
4.23773
4.21227
4.04725
4.20392
4.41463
4.22878
4.08304
3.87761
3.69743
4.1004
4.13162
4.29718
4.05454
4.00269
4.01037
4.07449
4.25745
4.32176
3.66272
4.11026
4.19392
4.50376
3.8361
4.09077
3.87268
3.87967
4.09654
4.15551
4.38546
4.24093
3.95679
4.19184
4.44574
4.38516
4.18703
4.40791
3.95931
4.38685
4.29096
4.38068
4.15869
4.28421
4.03996
4.19651
4.30265
3.97688
4.48344
4.20415
4.19147
4.44357
4.03386
4.33546
4.74138
4.37999
4.05994
4.60813
4.22288
4.33975
4.35864
4.45864
4.94788
4.36119
3.88789
4.0325
4.19411
4.04136
4.19309
4.21605
4.74971
4.27402
4.17899
4.33728
4.21689
3.78392
4.02158
3.81802
3.8633
4.40013
4.50143
4.07732
4.10381
3.87086
4.24999
3.7541
3.81668
3.89606
4.25621
4.21733
3.9982
4.3071
3.88651
4.2961
4.04483
4.31238
4.03037
3.71861
3.70882
4.05237
4.08158
3.95599
4.15299
4.16327
4.50021
3.8205
4.15775
4.11279
4.37101
4.19671
3.80551
3.77441
4.126
4.23517
4.1119
4.21864
4.03612
4.0341
4.04477
3.96967
4.27286
4.23174
3.96539
4.55783
3.66457
3.81932
4.17042
4.18987
3.98634
4.0634
4.26151
4.48893
4.20897
4.19083
4.5683
4.12615
3.88989
4.11888
4.12453
3.80427
4.0623
4.31254
4.304
4.04744
4.00585
4.3957
3.67657
4.3792
4.09064
4.10354
3.76241
4.04924
4.27727
4.02881
3.70551
3.92499
4.10385
4.4795
4.41776
4.18307
4.27068
4.37604
4.07926
4.10326
4.18565
4.47547
3.82156
4.14224
4.12601
3.97337
4.09329
4.18096
3.99359
4.17892
4.54603
4.12937
3.80922
4.05435
3.70633
4.03139
3.68522
3.90626
4.29509
4.18551
4.20451
4.22125
3.88223
4.09971
4.11333
3.77257
3.96166
3.83238
3.82421
4.25922
4.48442
3.87394
4.01009
3.7452
4.17791
4.07541
4.26051
3.86037
3.94944
3.61688
3.76775
3.83087
3.7193
3.89115
4.28052
4.18587
3.91171
3.98911
4.08179
4.22163
3.86175
4.24664
3.93744
3.50507
3.86482
3.71355
4.15106
3.72119
4.23073
4.01173
4.06265
3.76183
4.04924
3.84968
3.96505
4.17914
3.93516
3.83893
3.89586
4.34592
4.27611
3.94279
4.03347
3.99252
4.53066
4.0666
4.09481
4.22293
4.35049
4.10047
4.04546
4.01411
4.37825
4.54093
4.30383
4.7286
4.18936
4.58041
4.0234
4.31127
4.3672
4.09877
4.04118
3.77921
4.27523
4.10298
4.10445
4.24
3.94428
4.19781
4.45916
4.5822
4.20115
4.20468
4.30784
4.26564
3.87517
4.30892
3.67921
4.01288
4.203
4.05606
4.26968
4.19079
4.30306
4.2777
4.1059
4.21109
3.8771
4.15444
3.98402
3.59812
3.91496
4.20081
4.12658
4.25059
4.37791
4.20742
4.35864
4.06736
4.12901
4.56034
4.04159
4.28748
4.35765
4.19814
4.42074
3.86356
3.79009
4.25428
4.23727
3.88271
4.14641
4.33976
4.47269
3.80422
3.94077
4.16284
4.15417
4.31289
4.34043
4.12708
4.01049
4.06316
3.89083
4.11656
4.06976
4.04043
3.80469
4.25986
4.71829
3.97429
3.88962
4.42378
3.69036
3.97754
4.14297
4.47696
4.11974
3.64223
4.00378
3.75426
4.04681
4.35975
4.2931
3.87704
3.99994
4.03106
3.91415
3.963
4.48569
4.1735
4.29407
4.11382
3.81576
4.15798
4.06314
3.73113
3.87762
4.06895
4.3798
3.66101
4.04647
4.51638
3.76139
4.27745
4.0949
4.05256
4.35745
4.0502
4.18176
3.77168
4.10101
3.90364
4.08181
3.86314
4.21099
4.27232
4.09567
3.80022
4.00451
4.07771
3.77815
3.84378
4.29906
4.17565
4.08391
3.58327
4.04358
4.18965
3.79736
3.89244
3.64173
4.21065
4.26328
3.95115
4.42363
3.75722
4.24672
4.40071
4.06572
4.53637
4.16331
4.3601
4.17398
3.84314
4.26055
4.13343
4.14606
4.06843
4.16787
3.91823
4.16413
4.25448
3.87922
3.93481
3.792
4.26046
4.28936
3.92154
4.1306
3.95183
4.22443
4.56989
3.97209
4.25892
4.13263
4.34277
3.9859
4.09578
4.16801
3.95273
4.40205
3.98439
4.22812
3.79723
3.95592
4.03211
4.04428
4.17928
4.02813
4.46341
4.22843
4.32648
4.06554
4.1407
4.28794
3.83267
3.98248
3.83789
3.736
3.90318
3.96764
3.95073
3.92538
4.38528
4.06243
3.75714
3.86212
4.38692
4.20263
3.54791
4.19335
3.97395
3.88134
4.11313
4.30907
3.78278
3.91064
4.13272
3.53885
3.77432
3.5436
4.09433
3.99337
4.24726
3.74929
3.99308
3.87864
3.94239
3.8606
3.35194
3.81025
3.90998
3.9858
4.18479
3.65018
3.86388
4.16991
4.05143
4.06544
4.10031
4.34306
4.09629
3.81281
4.27997
3.90114
4.54527
4.27114
3.97073
3.57027
4.06948
4.34749
3.97501
4.28321
3.91401
4.85006
4.04868
4.15911
4.19984
4.19722
4.18097
3.94339
3.93367
4.12773
4.06411
4.23635
3.84641
3.93103
4.30959
4.11027
3.74684
3.93547
4.16299
3.84531
4.60556
3.87316
3.90764
4.05354
3.74981
3.70849
3.98807
4.59212
3.77435
4.14802
3.65165
3.95034
4.33088
4.30209
3.76804
3.99603
4.03025
3.44406
3.66375
3.74476
4.25509
4.19059
3.82616
4.45047
4.07512
4.19466
4.27077
4.04285
3.99417
4.39285
4.25645
4.11786
4.45702
4.62117
4.33383
3.877
4.47865
4.06031
4.16672
4.15056
4.39082
4.14731
4.31069
4.13595
4.21448
3.694
3.88493
4.42233
4.21361
4.35525
4.24939
4.26131
4.1177
4.32447
3.97726
4.3203
3.89853
3.90682
3.97019
4.18513
3.88679
4.31244
4.07237
4.00332
4.42005
3.72696
3.96828
3.99726
4.48189
4.34241
3.86463
3.80776
3.80988
4.16229
3.97835
3.94348
4.30502
4.31416
3.93715
3.82499
4.07723
3.95234
4.20311
3.9444
4.10938
4.10318
4.49278
3.91509
3.95317
4.3667
4.19703
4.25612
4.26848
4.24504
4.27849
4.10111
3.9375
3.98292
4.44162
3.9826
4.29243
3.64989
3.3888
4.16703
4.46561
4.08231
3.54447
4.11184
4.08113
4.34897
4.56188
4.07609
4.40241
4.25631
4.01588
4.3772
4.13474
4.81356
4.09814
4.47084
4.45409
4.0754
4.01757
3.9521
4.26448
4.09153
4.32454
3.93811
3.96664
4.22476
4.30653
4.30863
4.25664
4.30001
4.48053
4.4811
3.90623
4.48125
4.00865
3.93816
4.41777
4.06075
4.20627
3.95349
4.56312
3.90081
4.13919
3.82293
4.38921
4.19391
3.98483
3.82076
3.76687
3.75146
4.26506
4.31401
3.9884
3.7899
3.90105
4.0956
4.26785
4.81529
4.35716
4.78429
4.12987
3.95454
4.00115
3.89213
4.49244
4.8411
4.71447
4.35245
4.27987
4.33471
4.50011
4.24544
4.0885
4.48725
4.59372
4.40287
4.08657
4.51843
4.49334
4.6201
4.02346
4.30311
4.05565
3.86678
3.81284
4.17016
4.12364
4.09354
4.33412
4.08368
4.24322
4.37294
3.61775
4.31023
4.03339
3.91782
4.16376
4.13854
4.22827
3.75079
3.7435
4.13094
3.8106
4.44988
3.67698
4.29483
4.01789
4.13023
4.35577
3.83399
4.04691
4.21729
4.47084
4.30974
4.02985
4.14855
3.71817
4.08876
3.92378
3.97639
4.26642
4.11094
4.13031
4.10194
4.00407
3.87827
4.15537
3.71357
4.53101
3.68186
4.33295
3.91156
4.57639
4.14493
4.17053
4.23708
4.05999
4.28887
4.12563
3.90713
4.01191
4.4188
4.23532
4.02616
3.73704
4.608
3.84886
4.12125
3.98852
4.23861
4.13012
4.24312
3.95634
4.19598
4.07203
4.2417
3.90497
3.97233
4.16986
3.29216
3.73396
4.45098
4.11769
4.1269
3.88624
4.00183
4.00681
4.45458
3.80196
4.13494
4.3656
4.22474
4.52594
4.44507
3.82394
4.00387
4.14781
4.1148
4.05731
4.16503
4.10031
3.88582
3.99767
4.25869
4.17316
4.00789
3.65998
3.99273
3.89703
3.95702
4.21763
4.20218
3.81057
4.06904
3.90262
3.77409
4.11663
3.8484
4.07893
4.07103
3.64334
4.03799
4.26316
4.34542
4.29534
4.28678
4.74171
4.37281
4.34989
4.05464
4.48515
3.7871
4.09229
4.149
4.49726
4.72714
4.29047
4.16205
4.23406
4.39544
4.28832
4.02715
4.24093
4.41564
4.09561
4.01069
3.85846
4.43108
3.73733
4.35242
3.9636
3.99581
4.03813
4.06483
3.9821
4.4105
4.38234
4.53651
4.33056
4.24601
3.83573
3.72557
4.04407
4.23611
4.21516
3.88649
3.89397
4.26374
4.23202
3.98854
4.33058
4.59621
4.30152
4.13864
3.89391
3.92167
3.89204
3.66142
3.86292
4.10001
4.40656
4.13306
3.90953
4.22111
4.18464
4.21448
4.78283
4.17281
4.18968
3.8513
3.90845
4.1571
4.04788
4.62382
4.04905
3.99723
4.36259
4.16881
4.33781
4.35337
4.31101
4.07903
4.00291
4.05292
4.23818
4.23436
4.42286
4.35639
4.01595
3.805
4.31208
4.39749
4.20071
3.86449
3.65988
4.41396
4.23941
4.26211
3.92511
3.99843
4.17722
4.10475
3.88483
3.89111
4.19644
4.14802
4.18475
4.03095
4.12642
3.77325
4.19143
3.97407
3.94035
3.78103
3.84342
4.05612
4.13703
3.95439
3.89574
4.24028
3.58538
3.81369
3.89405
4.09665
3.81361
4.2666
4.3208
4.02895
3.52916
4.27627
3.84073
4.05571
3.34703
4.10319
3.75615
4.05337
4.38306
4.08326
3.64504
3.9629
4.02428
4.17752
4.23446
4.34809
4.06504
4.3363
4.13819
3.87396
4.26464
4.44479
4.18153
4.40126
3.86743
3.80557
3.86514
4.30425
