2.34852
2.93594
2.97587
3.00766
2.88235
2.34844
3.07129
2.71392
2.49125
2.81743
2.75765
3.32119
2.95508
3.31997
2.80936
2.95079
2.8793
3.19354
2.64746
2.71674
2.69699
2.88733
2.70035
2.4787
2.97867
2.91004
2.78637
2.95668
3.00338
3.14777
2.84364
2.51721
2.85379
2.72332
3.25879
2.69824
3.03737
3.20195
2.99224
2.76572
2.903
2.7852
2.91444
2.70718
2.85679
3.07957
2.81211
2.70674
2.47289
2.99957
3.16909
2.51646
2.89093
2.71586
2.64585
2.54325
2.78936
3.0326
2.64123
2.67312
2.7505
2.81084
2.59708
2.9494
2.91311
2.94534
3.0784
2.36128
3.08166
2.90971
2.93628
2.7706
2.99477
3.0098
2.99449
2.64172
2.64449
2.33588
2.54803
3.21838
3.26267
2.94675
2.74717
3.00891
2.70517
2.84443
2.76124
2.95907
2.7932
2.66243
2.78122
2.67174
3.09292
2.91276
2.67855
2.71479
2.86866
2.92048
2.71178
2.23998
2.66052
2.75819
2.70664
2.62305
2.77076
2.78016
2.78677
2.78098
2.79119
3.14685
2.83343
3.07486
2.71072
2.77954
2.8199
2.89091
2.85551
2.72502
2.94525
2.42022
2.94091
2.60645
2.59706
3.22001
2.91806
2.90215
3.13386
2.79336
2.6975
2.74464
3.04809
2.91011
2.8117
3.05707
2.6394
2.88418
2.5884
2.98169
2.74017
3.01834
3.26055
2.88198
2.55853
2.76594
2.89963
2.73769
2.59147
2.94896
2.91221
2.82055
2.92663
2.88181
2.81675
2.75943
2.79929
2.89019
2.43427
2.76165
2.79729
3.38421
2.80115
2.66147
2.72186
3.02015
3.05127
3.07786
2.83069
2.92432
2.95481
3.00422
2.65833
2.79113
2.81695
2.43246
2.68834
2.50763
2.73013
3.06291
3.17416
2.76099
2.73204
3.10614
3.11313
2.6951
2.84336
2.83129
2.57909
2.81535
2.58701
2.98641
3.01254
3.00844
2.87909
2.81206
2.63692
2.75603
2.89795
2.77374
3.06658
2.60092
3.00907
2.79599
3.12593
2.66823
2.93111
3.09784
2.89311
2.95248
3.09701
2.61914
3.00576
2.55684
2.75223
3.02015
3.02864
2.80579
2.96814
2.9517
3.26043
2.90089
3.18111
3.44005
2.97057
3.13301
3.03448
2.43474
2.73583
2.91902
2.84147
2.79261
2.86932
2.78939
2.79265
2.77987
2.86969
2.94137
2.84361
3.22889
2.82225
2.99171
2.83623
2.99103
2.76243
2.69006
3.14057
3.14504
2.93732
2.97251
2.93634
2.81766
2.73421
2.51789
3.001
2.87824
3.05396
3.06388
3.23544
2.73432
2.8067
2.74801
2.98859
2.92168
2.99899
3.08821
2.71733
2.96731
3.33626
2.65589
3.0934
2.83811
2.70787
2.83984
2.94353
2.64146
3.03484
2.97022
2.82445
3.04924
3.37692
2.76046
2.89161
2.83586
2.74711
2.75464
2.82582
2.89606
3.03234
2.70671
3.04431
2.86264
2.7632
3.02333
3.22401
3.30743
3.04857
2.53963
3.02948
3.2503
2.88684
3.16444
2.86192
2.46281
3.34371
3.22386
3.24827
2.98978
3.37273
2.94226
2.88565
3.13065
3.08718
3.08441
2.70829
3.20742
2.90892
3.46595
3.3828
3.18431
3.35035
2.68215
2.85727
2.9001
2.79618
3.19503
2.89165
2.94909
3.26262
2.9695
3.18042
2.66389
3.00565
2.42739
3.23315
2.90264
2.78557
3.11375
2.64113
3.18693
2.73562
2.87718
2.99184
3.31854
3.06273
2.88297
3.177
3.10833
3.14825
2.99483
2.91801
2.8324
2.69616
3.50559
3.323
2.94517
2.79963
3.06515
3.20797
2.97801
3.04504
3.41419
3.00446
2.77433
3.09368
3.04742
3.24439
2.80448
2.77103
3.0488
2.40041
3.01415
2.97638
3.12603
2.79193
2.57157
3.24567
3.47473
3.15747
3.15487
3.32632
2.7873
2.88807
2.65779
3.06883
3.01301
3.08694
2.7453
3.12797
2.81694
3.2107
2.93708
2.96318
2.4183
2.59354
2.7205
2.69638
3.11132
2.68738
3.03837
3.10685
2.74526
2.74558
2.84233
3.1272
3.50057
3.36564
2.946
2.86872
3.03199
2.99506
2.66329
3.23295
3.15477
3.32803
3.35803
2.78986
2.99298
2.9409
2.7265
3.29373
2.8094
3.10591
2.88675
2.92304
3.07037
2.99851
2.79227
3.13882
2.85547
2.60044
2.95887
2.80459
2.72882
2.93491
3.24587
2.71126
3.12957
2.81166
3.13162
3.53001
3.39094
3.14237
2.87888
2.91991
2.79474
2.76642
3.00333
3.16041
3.212
2.59507
3.06999
2.91672
2.66264
2.91618
2.91516
2.98865
3.35495
2.76142
2.66441
2.89026
3.17555
3.16185
2.58161
2.66394
2.79417
3.20537
3.17549
3.33263
2.71331
2.97017
2.78598
3.23308
3.16267
3.29427
3.09513
2.76714
3.00418
2.72559
3.19542
2.81018
3.49657
3.23532
2.94159
2.80461
2.67948
2.87114
2.26213
2.51843
3.01344
2.88533
2.81112
2.82805
3.22396
2.93727
2.65056
2.92895
2.94845
2.53995
2.51424
2.61704
2.77101
2.94237
2.41253
2.80796
2.89338
2.62337
2.87832
3.0311
3.1109
2.73485
2.87949
2.85778
2.6953
2.86262
2.48668
2.46286
3.0204
3.10979
2.81805
2.71634
2.7575
2.54325
3.03494
2.70606
2.61518
2.62018
2.81624
2.49413
2.31657
2.39432
2.52105
2.73425
3.03226
2.71062
2.45557
2.65579
2.78452
2.63193
3.17469
2.3874
2.74037
3.02896
3.29827
2.59502
2.73403
2.58949
2.88521
2.3447
2.75901
3.35825
2.91963
2.79033
2.83962
2.57782
2.67878
2.3595
2.73104
3.00312
2.62345
3.09253
3.03607
2.72746
2.6779
2.767
3.08666
2.7477
2.88756
2.74791
2.77918
2.13984
2.52862
2.84531
3.01213
2.711
2.90713
2.90608
2.55269
2.94586
2.40511
2.52708
2.60884
2.42049
2.70764
2.6586
2.69306
3.16595
2.75442
2.52225
2.8464
2.97755
2.78249
2.96584
2.97322
2.16995
2.67901
2.48316
2.67109
2.61733
2.68228
2.61872
3.00388
2.9988
2.96067
3.17598
2.92263
2.31562
2.66143
2.59603
2.97913
2.7558
2.91482
2.96839
3.11234
2.54148
2.96738
2.74634
2.57238
2.62966
2.73729
2.7397
2.71495
2.58312
2.3951
3.1444
2.35499
2.76011
2.98855
2.85877
2.65766
2.44977
2.98604
2.99529
2.16477
2.37185
2.51253
3.20424
2.24709
2.93272
2.84465
2.58821
2.72821
2.57471
2.91679
3.08903
2.60343
2.49449
2.67632
2.88238
2.83626
2.44897
2.49694
2.68267
2.78166
2.98759
3.09034
2.59461
2.5725
2.76133
2.83803
2.97118
3.048
2.72487
2.57285
2.51894
2.61364
2.83496
2.85034
3.05767
3.001
2.5844
2.84456
2.79377
2.32424
2.87977
3.00286
2.99262
3.11876
3.11873
2.98137
2.57738
2.74921
3.03524
2.7456
2.9506
3.33802
2.63572
2.95143
2.96142
2.62465
3.09112
2.59627
3.01154
3.14312
2.80199
3.17626
2.86785
2.69088
2.96665
2.99844
2.51458
2.92378
2.89527
2.63798
3.12112
2.72966
2.82764
3.05218
2.844
2.74955
2.76212
2.83592
3.06711
2.8298
2.74411
2.62988
2.50056
2.92132
2.78224
2.91029
2.85659
2.51134
2.70563
2.59854
2.86856
2.79809
3.25331
3.16158
3.29094
2.76385
2.67377
2.38293
2.8083
2.58099
3.09957
3.08206
2.944
3.03772
2.58986
2.63051
2.9091
2.94504
2.646
2.74823
2.71717
2.66426
3.06384
2.73956
2.56441
2.90181
2.80568
3.0622
2.98678
2.71865
2.77227
2.54973
2.95707
2.94006
3.07259
2.61143
3.12535
3.18919
2.69621
2.90262
3.09053
2.9334
2.99724
2.65411
2.57955
3.00063
3.08683
3.02851
2.71859
2.70515
2.79621
3.07702
2.78415
2.38406
2.7441
2.78366
3.10247
2.72718
2.81749
3.0414
2.82262
3.32779
2.87264
2.97158
2.57167
2.56271
2.67442
2.56373
3.10497
2.60638
2.69428
3.1296
3.09098
2.40609
2.72245
2.72257
2.85654
2.42487
3.06044
2.79813
2.85615
2.92534
2.49727
3.02121
3.0242
2.79968
2.51041
3.14901
2.77184
2.44571
2.86117
2.59156
2.58497
2.85152
3.10898
2.94802
2.95197
2.94484
2.83419
2.56008
3.12235
2.99301
3.15702
2.84941
2.84534
2.61837
3.33921
2.9364
3.07982
2.48389
2.88175
2.16601
2.69307
2.52424
3.00245
2.35868
2.83275
2.83129
2.88531
3.01938
3.09083
2.93108
3.03138
2.83426
3.06392
2.62226
2.91983
3.42001
2.97176
3.06542
2.69527
3.26794
2.5826
3.23691
3.00883
2.97738
2.78897
3.12535
3.06052
2.91106
2.75054
2.84571
2.75935
2.79254
2.76594
2.71455
2.65616
2.45696
2.88754
2.82289
2.92567
2.98225
2.56996
2.82858
2.79333
2.37595
3.03328
2.52013
2.96917
2.76142
2.87526
2.81825
2.88817
3.0133
3.14608
2.84869
2.41187
2.72278
2.86709
2.7584
2.63052
2.78092
2.4077
2.87462
2.94263
2.84389
3.18017
2.74491
2.80753
2.42147
2.36037
2.83978
2.51676
2.801
2.93819
2.76856
2.77833
3.00462
2.50839
2.16031
2.95503
2.57554
2.52965
2.67128
2.58552
2.76651
2.45892
3.12933
2.89806
2.80134
2.80154
2.58089
2.65705
2.94775
2.88208
2.68964
2.71665
2.87557
2.65641
2.91041
2.74343
2.48333
2.84469
2.22141
2.71734
2.81294
2.99767
2.71359
2.99101
2.58583
2.98412
2.94967
3.03289
2.77679
2.81957
2.86442
2.50119
2.63995
3.05516
3.12959
3.02158
2.66161
2.78158
2.73785
2.82447
2.9202
3.08669
3.15336
2.75122
2.67743
3.09736
3.30552
2.86183
2.65958
2.52288
2.77468
3.1927
3.20022
2.62443
2.5789
3.53088
3.13759
2.59862
2.95107
2.94421
2.88811
2.88726
3.0939
2.80763
2.92751
3.112
2.75954
2.78514
3.33674
2.73141
2.66033
2.97508
2.9797
3.00866
2.91193
2.89829
2.88929
2.78284
2.72365
3.2139
2.98797
2.96888
3.07275
2.81812
2.73689
2.83069
2.99398
2.85976
2.88408
2.83805
2.97844
2.86755
2.88805
3.12027
2.90379
2.57101
2.85706
2.9053
2.89586
2.87298
2.62242
2.96449
3.29613
2.76492
2.67336
3.25001
2.85003
3.27978
2.70358
2.77236
3.12134
3.41144
2.91695
2.83389
2.906
3.35581
2.75673
3.22099
3.08374
3.04833
3.06335
3.17197
3.06586
2.99054
2.98392
2.52354
2.90959
2.86857
2.80968
2.76048
3.35235
3.27961
2.90855
3.23246
2.98946
2.99281
3.09051
2.76037
2.90934
2.98882
3.40049
3.07836
3.07859
3.42074
3.00837
2.78674
2.87498
3.12133
2.6371
2.94063
3.01347
2.65225
2.79989
3.15521
3.00506
3.00865
3.31182
2.98279
2.78248
3.25555
3.31193
2.92732
2.66332
2.80358
2.90364
2.87326
3.31487
3.34909
2.93155
3.30958
2.83036
3.03071
3.15559
3.14359
3.40137
2.92103
3.01774
2.66526
2.85656
3.14108
3.10877
2.57507
2.77614
2.13552
2.70159
2.99893
3.04981
2.65274
2.9837
2.85446
2.87764
2.75483
2.87262
3.03043
2.8271
2.655
2.62855
3.15518
2.69554
3.49957
2.67501
2.82674
2.68678
2.99408
2.97582
3.2299
2.64627
3.18759
3.26001
2.85285
3.298
2.68076
3.29302
2.88813
2.65507
3.24573
3.31009
3.26351
2.92399
3.50184
3.37196
3.2228
3.02323
2.91617
3.02253
3.05771
2.97637
3.13511
2.89362
2.75009
3.15008
3.17941
2.83057
2.76559
2.56514
3.29909
3.11514
3.41616
3.0303
2.76954
3.29046
3.05447
3.51376
3.06546
3.10617
3.15543
2.9665
3.43331
3.13234
2.95453
2.91371
3.03896
3.4083
3.0194
3.28602
2.8656
2.91247
3.04208
2.83727
3.14937
3.38598
3.11629
2.77784
3.13109
3.04309
2.99591
3.18568
3.06347
3.14192
2.88409
2.79296
2.94654
3.00326
2.8117
2.80671
3.19883
3.13717
2.99726
3.12747
3.54061
2.98015
2.64981
3.13166
3.41424
2.95293
3.39263
3.65678
3.07184
2.90464
3.27265
3.24065
2.92138
2.59937
2.41861
3.38234
3.02291
3.02909
3.41362
2.13099
2.8799
3.28051
2.36116
3.10258
2.51986
2.87562
2.87978
2.69319
2.62903
2.97696
2.75407
2.67949
2.70554
2.89333
3.04459
2.50416
2.65363
3.13736
3.11993
2.63482
3.23716
2.67321
3.07457
2.97016
2.9294
3.23473
2.4944
2.81474
3.01771
2.78905
2.8735
2.92412
3.24489
2.91607
2.7593
3.03146
2.59316
3.02949
2.81833
2.73359
2.71955
3.11354
2.34272
2.91132
3.11717
3.14212
2.92301
3.27543
2.40756
2.6658
3.36064
3.07432
2.78647
2.72519
2.90921
2.34954
2.83187
2.70365
2.5551
3.10306
3.07922
3.12346
3.10194
2.41796
3.0403
2.84691
2.94108
2.53576
2.82275
2.93803
2.39531
2.26025
3.09514
2.88862
3.08648
2.37755
2.86156
3.27621
3.04078
2.78041
3.15409
3.00154
2.98541
3.22926
2.88859
2.88846
2.77382
2.9098
3.17326
2.89221
2.54271
3.40305
3.00333
2.96074
3.11777
2.8752
2.70939
2.98668
2.82058
3.00728
2.53052
2.58797
3.07205
2.77294
2.59958
3.00603
2.78663
2.7553
2.97535
3.08399
3.0951
2.79965
3.16275
2.71188
3.13761
2.9359
3.13598
3.19617
2.74523
2.77731
3.184
2.55323
2.9782
2.69747
3.11114
2.71388
3.51513
2.67196
2.92217
2.61148
3.05211
2.76775
3.25101
2.88678
3.18511
3.05335
2.60544
2.78576
3.01679
2.90188
3.0218
3.20225
2.78971
2.7146
2.8525
2.77577
2.65241
3.05917
2.72383
3.10644
2.86628
3.43702
3.00825
2.66071
3.03514
2.43389
2.9251
3.05836
3.44986
2.83857
2.67048
3.07438
3.3786
2.97026
3.18671
2.95214
2.82667
3.29466
2.68477
2.76148
3.22613
2.7858
3.23145
2.68063
3.4135
3.22697
3.048
2.81806
2.697
2.80746
2.79515
2.87738
2.94265
2.97933
2.18854
2.67994
3.20033
3.01051
2.65959
3.12259
2.56897
2.99534
2.76399
2.98267
2.86797
2.8463
2.95307
2.65431
2.93265
2.93928
3.00382
2.97542
3.00281
2.8155
3.18302
2.78706
2.61478
2.89701
2.90644
2.82992
3.0266
2.44693
2.92907
2.89261
3.06911
2.90263
2.81114
2.88661
2.83732
2.99519
2.73166
2.91557
2.93792
3.13435
2.74457
2.97176
2.82505
2.60447
2.69462
3.46045
2.97306
2.77702
3.27619
2.92715
2.51164
2.84284
2.80468
2.91489
3.27442
2.41074
2.47778
3.04155
2.94463
3.07424
2.87248
2.923
3.45627
3.10006
2.79059
3.29843
3.07165
3.10263
3.4069
2.90583
3.37155
2.82661
2.7355
3.34715
3.19008
3.16465
3.13931
3.23868
2.71699
2.76645
3.28446
2.75728
2.95086
2.79949
3.45846
3.30751
2.9138
2.77173
3.05925
3.12788
3.18382
2.92423
3.00649
3.21153
3.20997
2.91869
2.97034
3.34754
3.03477
3.06844
3.08888
3.217
2.94778
2.73705
2.85158
3.03127
2.97014
3.15503
3.33909
3.16053
3.21033
3.32438
3.12166
2.8535
3.05361
3.16612
3.2628
3.22107
2.99298
3.1722
2.73967
2.8599
2.90502
2.94888
3.10196
3.11107
2.95665
3.37992
3.25892
2.492
2.92421
3.29138
2.6162
3.16502
3.21969
3.38646
3.34553
3.19778
3.17834
3.41447
2.88473
3.30703
3.05966
2.66554
2.83188
2.98552
3.21432
2.9578
2.79409
2.77736
2.52636
2.98289
2.62903
2.95151
2.63332
3.30717
2.88991
3.13984
3.11838
3.12079
2.87258
2.7384
2.7545
2.85709
2.54094
2.87827
2.90194
2.96514
2.69277
2.51778
2.70311
2.96494
2.83745
2.87318
2.96606
2.85859
3.15698
3.06278
2.45156
2.92032
2.46727
2.90909
2.9493
2.9946
2.77675
2.07622
2.6211
2.60123
2.60532
2.57776
3.1948
2.92498
2.68891
2.72482
2.82135
2.44461
2.32736
2.82427
2.5961
2.75503
2.74264
2.99636
2.73139
2.46161
2.8464
2.61258
2.39913
2.68441
2.48447
3.23545
2.84117
2.64831
2.71568
3.175
2.26622
3.02636
3.00661
3.1147
2.65284
2.63803
2.98925
2.94947
2.97672
2.9453
2.39724
2.6211
2.50831
2.81594
2.74998
3.16256
2.95482
3.05105
2.95302
2.89193
3.03289
2.79662
3.14805
3.18375
3.09137
3.18986
2.98541
2.77141
3.16013
3.43985
2.68669
2.87
2.95052
2.93841
2.65355
2.85321
2.66954
2.66752
2.97346
2.89363
2.90185
2.86442
2.79989
2.76396
3.08083
2.94091
2.77054
3.27918
2.92
2.89492
2.85053
3.11663
3.13397
2.68986
3.0975
2.49204
3.2612
2.64903
3.26719
3.20061
2.78669
2.74103
2.88866
2.86459
3.19866
3.32825
2.61131
3.43404
3.1465
2.76458
2.9982
2.62587
2.86972
3.11927
2.74592
2.63241
2.76043
2.97928
2.71541
2.96791
3.54699
3.07781
2.93943
2.90659
2.51863
2.94872
2.88557
3.13109
2.94904
3.09183
2.9044
2.89064
2.85884
3.24723
3.30424
3.1786
3.20138
2.71579
2.64562
3.10407
2.74555
3.09708
3.11768
2.61395
3.43602
3.24747
3.27072
3.24377
2.79389
3.11849
2.74687
3.17261
2.83151
2.83356
3.02559
2.88996
2.79502
2.71138
2.85239
3.20656
2.77922
3.15263
2.97009
2.88968
2.83916
2.40933
2.93832
3.25197
3.05957
2.37042
2.80186
2.98901
2.6368
2.96433
3.00582
2.75594
2.99903
3.16791
3.19368
3.26598
2.67806
2.75123
2.40355
2.84199
2.62783
3.14011
3.04672
2.82008
2.89052
2.89912
3.15876
3.0864
3.31625
3.18495
2.55574
3.24598
3.22731
3.123
2.96633
3.02921
3.00535
2.75424
2.84951
2.97516
2.96278
2.78352
2.90857
3.17504
3.0471
3.21488
3.49772
2.97825
2.78373
3.02455
2.85701
2.7884
2.43369
2.88678
2.4087
2.78563
2.59325
3.11704
2.40108
2.5239
2.74024
2.8799
2.89101
2.47826
2.35869
2.69995
3.19401
2.84501
2.89951
3.24729
3.14793
2.48229
3.16653
2.90264
2.75994
2.86821
2.87645
2.94699
2.76408
2.73138
2.85125
2.77711
3.01351
2.81754
2.93904
3.18179
2.69511
2.60876
2.87077
2.74837
2.74666
2.65984
2.93422
3.11622
2.60259
2.86338
2.78941
2.9141
2.86021
3.14988
2.73034
2.47747
2.80031
2.7649
2.97055
2.87699
2.97816
2.18207
2.80436
2.62541
2.67977
2.99085
3.061
2.66192
2.77023
2.63958
2.87829
2.7236
3.03616
2.5237
2.89844
2.82661
2.76549
2.73273
2.79447
2.98601
2.97101
2.24857
2.62735
3.16605
2.94882
2.97543
3.00545
3.16326
3.07462
2.84287
2.83416
2.85194
2.78551
3.24814
2.65062
2.69813
3.03268
3.05416
2.96497
2.70693
2.62471
3.26387
3.07087
2.3717
2.85283
2.67989
2.78425
3.10276
2.63525
2.72371
3.04519
3.28801
2.3196
2.84117
3.38612
3.08556
3.17579
3.29367
3.04964
2.59867
2.9566
2.30204
2.77046
2.83236
2.72233
2.89087
2.83505
2.70503
2.65766
2.45338
2.67184
2.7538
2.73584
2.72798
2.55726
2.57999
3.12771
3.08243
3.12916
2.8066
2.8247
2.66207
3.01354
2.91145
2.96276
2.86055
2.75811
3.05107
2.81169
2.79951
3.19913
2.80712
2.88431
2.96271
2.73862
2.7882
2.70869
3.30138
2.61142
2.91283
2.83118
3.175
2.72478
3.06864
2.87595
2.96026
2.84732
3.17576
2.92983
2.89234
2.99822
3.02367
2.71569
2.95722
2.70249
2.88956
3.16455
2.97157
2.98747
2.97368
2.97849
2.53927
3.02685
2.8345
2.68719
2.88809
2.52767
2.96931
2.3224
2.50906
3.28295
3.03484
3.07369
2.98148
2.8668
3.13913
2.83087
3.12706
2.52965
2.26108
3.02009
3.04332
3.52679
3.01524
2.95826
2.53981
2.66574
2.96764
3.35014
3.20688
2.7334
2.84624
2.69643
2.81174
3.15401
2.53866
2.88641
3.19138
2.57353
3.24285
2.63715
2.99679
2.62348
2.11006
3.17985
3.02913
2.85687
3.13872
2.9018
2.56956
2.78861
2.68123
3.14203
3.11436
3.34924
3.17615
2.89809
3.11925
2.91141
2.70653
2.54559
2.83404
2.87703
2.77721
2.7178
3.23611
3.07621
3.21101
2.86671
2.56711
2.81716
2.98004
2.71064
2.69396
3.1803
3.0302
2.81423
3.21904
2.64882
2.52488
2.7076
3.04646
2.57796
2.84302
2.82318
2.99736
2.57619
2.88753
2.74409
3.06614
3.01257
2.7648
2.3592
2.61051
2.91464
2.84968
2.8988
2.83357
2.89475
2.65645
2.67413
2.74389
2.71717
2.48142
2.9101
2.52755
2.65685
3.34661
3.14659
2.65403
2.74738
2.86987
2.56496
2.47504
2.73105
2.65874
3.08453
3.02653
2.95339
2.87804
2.38437
2.62638
3.0127
2.64886
2.70906
2.74741
2.75468
2.6192
2.74894
2.78963
2.91155
3.0198
2.58557
2.66803
2.93268
2.68601
3.11669
3.38509
2.71898
2.73327
3.12933
3.07513
3.06429
2.6374
3.12722
2.59196
3.4297
2.664
2.9162
3.00404
2.87874
2.75349
2.92153
3.0383
2.7447
2.7752
3.24682
3.08976
2.73915
3.09785
2.91282
2.97257
2.95399
2.97911
3.1231
2.85261
3.06405
2.21154
2.62731
3.30871
2.70401
2.90486
3.27912
3.14104
3.12787
2.76465
2.75086
2.55168
2.949
2.71849
2.95442
2.97976
2.725
3.26579
2.64284
3.19815
3.05265
2.68541
2.78573
2.68447
2.99537
3.39118
3.35132
2.47979
2.79647
2.78681
2.93309
3.1375
2.90906
2.88555
2.92944
2.60534
2.65365
2.96918
3.02471
2.97715
2.95783
2.70076
2.7005
2.78963
2.83618
3.07645
3.19838
3.3104
3.15786
3.28535
2.81146
2.94232
3.0149
2.77622
2.70331
2.6377
2.98892
3.01955
3.11078
2.57794
2.86414
2.89295
3.07026
2.68672
2.99967
3.53553
2.55361
2.87124
2.72671
2.72969
2.76485
3.16906
2.88411
3.09554
2.57101
2.85411
3.08027
3.07497
2.81443
3.0074
2.53021
3.50071
2.73367
2.8051
2.76402
2.94077
3.00611
3.06027
2.67644
2.81112
3.20745
2.85616
2.57127
2.85522
2.87819
2.52578
3.05234
2.93771
2.87995
3.18156
3.26823
2.90253
3.04064
2.76538
2.85653
2.61084
2.91667
2.85855
3.03312
3.06095
2.84406
2.82869
3.01191
3.12618
2.8141
2.6762
2.9688
3.08256
2.78154
3.19393
3.31742
2.90553
3.42893
2.89233
2.85996
2.89857
2.75506
3.10257
2.91101
2.8307
3.45141
3.47539
2.79799
3.20252
2.71359
2.58206
2.69581
2.93878
2.93576
2.77649
3.00126
2.84312
3.22005
3.35639
3.02758
3.20292
2.96819
3.11534
2.98399
2.90012
3.2659
2.69876
3.33197
2.48869
2.9769
2.7738
3.25934
2.94918
2.93297
3.31467
3.2266
3.02309
3.03465
3.33997
2.93323
3.16991
3.20716
2.82216
3.10594
3.12166
2.73717
3.02154
2.87653
2.71143
2.67686
2.95281
2.86633
3.24596
3.42954
3.32834
3.10247
2.9513
2.94555
2.92466
3.05881
3.20496
3.38059
3.07888
3.19748
3.02997
3.27211
2.67398
2.99544
3.16928
2.63298
3.40523
2.56379
2.9327
3.09934
3.39856
3.09893
3.08212
3.18519
3.21915
2.97703
3.00554
2.91386
2.86948
3.09973
2.69318
3.1972
3.11176
3.18802
2.95743
2.95596
3.30998
2.93584
2.68771
3.01849
3.12315
2.63291
3.05425
3.09201
2.87622
2.72698
3.40646
2.70998
3.34028
3.11834
2.84777
2.90519
2.88056
2.97846
2.68494
2.73243
2.78086
3.21159
3.09672
2.81751
3.12511
2.77464
3.00075
2.74841
2.99184
3.31674
3.37968
2.84416
2.66923
2.70063
3.34579
2.96324
2.89344
3.03769
2.99755
2.91497
3.09018
3.04921
3.31711
3.08
2.88596
2.79049
2.65479
3.18199
3.12669
3.06826
3.14523
2.92504
3.01813
3.27901
2.95677
3.46105
2.75893
3.22683
3.61357
2.94798
3.02159
3.17186
2.8628
3.27601
3.13597
3.1814
3.24474
2.83817
2.96112
3.25381
3.29615
3.24623
3.20837
3.54564
2.92133
2.8461
2.8029
2.74994
3.20496
2.94116
3.0864
3.34156
3.12444
3.15034
2.91778
2.76633
3.06055
3.02149
3.67869
2.98477
2.77673
3.18805
3.26833
3.02037
2.92944
2.86228
2.87498
3.12111
3.10093
2.8033
3.36709
3.08413
2.64043
2.75372
2.98326
2.75495
3.11504
3.06174
2.89556
2.97415
2.947
2.64073
2.76455
2.58588
2.74886
3.25718
2.5918
2.95121
3.7315
3.3816
2.84372
2.81206
2.73302
2.9393
2.5874
2.9215
2.75269
3.08325
2.95692
2.93536
3.11796
3.0531
2.72587
2.84723
2.65469
2.82634
2.90155
2.7764
2.59248
2.92945
2.9511
3.19028
3.05038
3.2959
2.8936
2.76255
3.21769
2.62817
2.99044
2.62107
2.86931
3.14149
2.85843
2.77491
2.96463
2.89107
3.00928
3.05857
2.94365
3.0209
3.04582
2.92749
2.52473
3.37943
3.0804
2.82076
2.78194
3.15869
2.41157
2.95553
3.07792
3.21239
2.80048
2.70629
3.06509
3.27066
2.98314
3.38202
2.83654
2.94254
2.85794
2.67743
2.82614
3.03606
2.79785
2.998
2.96415
2.93456
2.9767
3.14275
2.86844
2.89353
2.85087
3.10731
2.90308
3.04592
2.94383
2.99643
3.06367
3.30075
3.23192
2.89197
3.16775
3.20444
2.62057
2.9664
2.61351
3.07659
3.11032
3.02936
2.9896
3.20601
2.88141
2.62885
3.32478
3.15414
2.83129
3.12809
2.7736
2.9224
3.49553
2.94497
2.92332
3.24424
2.89595
3.19498
2.87851
3.17892
3.12726
2.80082
2.66812
2.9194
3.0808
2.69144
2.82387
2.78776
3.03593
2.77009
2.63532
2.71167
2.97778
2.82633
2.88394
3.04833
3.37502
2.93748
3.11551
2.72343
2.51139
2.72535
3.06846
2.81905
3.0799
2.92239
2.874
3.24786
3.10827
3.27804
3.07191
2.99498
3.02223
2.75603
2.83254
2.64316
2.71338
3.08508
2.96437
2.39757
2.84986
2.90353
3.03572
2.80622
2.74339
2.83828
2.63284
3.10755
2.74579
2.5617
3.31421
2.7059
2.97802
2.83434
2.73346
2.66864
2.71752
2.73038
2.83956
2.91913
2.71475
3.00123
2.8155
3.14046
2.82289
2.84838
2.74343
2.89857
2.92294
2.67088
2.99632
2.99365
2.9828
2.97367
2.67969
2.52477
2.83442
2.56325
2.76045
2.71204
2.88331
2.73103
2.9244
3.01447
2.81877
2.86477
2.98586
2.83082
3.00899
2.54505
2.79978
2.51665
2.65424
3.00046
2.533
2.84834
2.98735
3.05735
2.78713
2.51795
2.31067
3.21858
2.56025
2.81985
3.06239
2.93513
2.8853
2.68226
2.91225
2.61002
2.87327
2.98864
2.99518
3.04225
2.50023
2.37462
3.17924
2.95176
2.28801
2.78048
2.69037
2.81941
2.60319
2.55334
2.66821
2.66384
2.74912
3.09516
2.85411
2.49097
2.87361
2.73676
2.66475
3.01062
2.65936
2.7493
2.90147
2.33283
2.67724
2.66269
2.97772
2.8776
2.97339
2.55766
2.66018
2.69568
2.93105
3.02438
2.52224
2.52301
2.9134
2.8773
3.03796
2.98936
2.87238
2.53111
2.63835
2.43791
3.08694
3.05845
3.19383
3.05806
2.56988
2.7833
2.96037
2.7763
2.95979
3.06921
2.86864
2.81332
3.24295
3.5335
2.72859
3.14023
3.14444
2.7748
2.71308
2.8456
3.03558
2.90309
2.74152
3.17891
3.11677
3.03153
2.77334
3.05105
2.64344
3.09426
2.55675
2.87413
2.98743
2.67876
3.03688
3.00697
3.08604
2.84275
3.20805
3.11328
3.14309
2.99924
2.85833
3.00232
2.86007
3.13398
2.82508
3.19751
2.86282
3.21169
2.74821
3.05265
2.56547
2.88428
2.97869
2.76024
2.93812
2.70812
2.79254
2.88738
3.00894
2.92799
3.0393
2.89474
2.73339
2.94784
2.8274
3.24444
3.30974
2.90113
2.79973
2.77448
3.04542
3.07519
3.07282
2.66909
2.83925
2.48925
2.78581
2.66195
2.62144
2.88071
2.72266
2.305
3.22095
3.05835
2.64181
2.33513
2.42377
2.86351
3.18844
2.60512
2.6201
2.48442
2.65862
2.7873
2.52439
2.90343
2.43996
3.35035
2.97029
2.82295
2.38972
2.64071
2.43819
2.64656
2.99019
2.96104
3.23853
2.77442
2.94378
2.57145
2.75286
3.28955
2.59649
2.87277
2.79346
2.62699
2.8387
3.01415
2.9463
2.03539
2.89871
2.98555
2.83549
2.84885
3.38315
2.61235
2.65336
2.69029
2.8901
2.98144
2.73944
2.9102
3.15169
2.52763
2.86324
2.91465
2.73235
3.0842
2.8292
2.90131
3.00655
2.99646
2.82213
2.90571
3.09593
2.56393
2.72628
2.6659
2.92257
2.93897
2.85255
2.85534
3.13819
3.24911
3.0932
2.96915
2.89456
3.24685
2.99497
2.77116
2.73114
2.82424
3.02473
3.20941
2.86648
2.77232
2.85524
2.77425
2.70563
2.94687
3.06408
3.10714
3.21069
2.6677
2.83881
2.56649
2.72892
2.91663
2.99672
2.9525
3.15572
2.85529
2.55417
3.04093
2.87336
3.0772
2.75605
3.04418
3.27858
2.92231
2.68069
3.00631
3.17606
3.10999
2.9147
2.86108
2.85763
2.93323
3.2124
2.92857
2.94538
2.38772
3.21841
3.21702
2.2428
2.97375
2.39475
2.89643
2.43904
3.19209
3.08732
2.71765
2.96124
2.74802
2.80277
2.93865
2.91116
2.75725
2.72229
2.7838
2.63014
2.55068
2.75558
2.8212
2.84429
2.65294
2.81954
2.7407
2.91713
2.62761
2.67451
2.9616
2.65113
2.63946
3.04429
2.70629
2.7186
2.5283
3.03119
2.7799
2.73933
2.76068
2.63794
2.46408
3.10305
3.16429
2.74208
2.84832
2.8015
2.68595
2.69469
2.93172
2.83045
2.80412
3.03551
2.35986
2.36451
2.82711
2.98826
2.70395
2.70116
2.72661
3.25859
2.89734
2.85615
2.85493
2.68581
3.07415
2.76449
2.78884
2.59321
3.11628
2.5512
2.77508
3.07054
2.55356
2.61581
3.1763
2.97798
2.67803
2.95181
2.90649
2.69496
2.61652
2.56187
2.62214
3.12577
2.6851
3.3288
2.89883
2.87598
2.94081
2.49948
2.71972
2.85402
2.73752
2.87945
3.02164
2.80171
2.86124
3.26914
2.97254
2.86394
2.72666
2.60322
2.75412
2.73943
2.55809
2.75791
3.13796
2.66828
3.20096
3.08497
2.96315
2.52629
2.69898
3.02368
2.59025
2.82891
3.3608
3.30933
3.0198
2.71812
2.9114
3.12131
2.93932
2.95381
2.99168
2.97344
2.97901
3.21446
2.95981
2.82365
3.24513
2.90198
2.98011
2.86102
3.33593
3.18732
3.31154
3.01471
2.78897
2.91122
3.02953
2.95062
3.17058
2.40232
3.26407
2.98177
3.40873
2.94653
2.93512
2.87135
3.04815
2.76041
2.9444
3.30323
3.04125
3.2005
3.06903
3.06353
3.35033
2.90137
2.77948
3.19667
2.98693
3.14375
3.31935
3.43725
2.92934
3.20742
3.13638
3.45366
3.04842
3.5744
2.5962
3.13716
2.8586
3.27567
2.99546
3.35889
3.26251
2.93598
2.9959
3.35698
2.91404
3.24903
3.2915
2.7412
2.98063
3.30639
2.88894
3.07621
2.88038
2.93865
2.83925
2.82506
3.19787
2.98722
3.02044
3.03743
3.12815
2.53874
2.90686
2.10542
3.00335
2.81162
2.9659
3.38563
3.28668
3.10361
2.51324
2.84349
2.83489
2.75241
3.14669
3.1364
3.146
3.16524
2.97829
2.76445
2.61964
2.92959
3.071
3.02542
2.64898
2.40058
3.00039
2.95683
2.97742
3.28347
3.00664
2.98212
2.88529
2.99293
2.70434
2.69389
3.00162
2.84828
3.05685
2.92426
3.27858
2.88832
2.63412
2.95946
2.96909
3.29192
2.65962
2.78373
2.63394
2.62928
2.88585
3.02897
2.71954
3.27983
2.79393
2.61576
3.01873
2.86939
2.97826
3.02307
3.01785
2.49479
2.88875
2.69376
2.32742
3.06622
2.57552
3.09905
2.77427
2.8045
2.82144
2.65524
2.63286
2.9247
2.86621
2.72422
3.08503
2.86588
2.8571
2.97541
2.77299
2.23084
2.93318
2.52331
2.83938
3.07607
2.99262
2.52944
2.74923
2.89414
2.63579
2.90538
3.02463
2.98885
3.11053
2.92466
2.73235
2.60202
2.89139
3.09807
2.48648
2.38283
2.65586
3.19325
2.72683
3.02275
3.06635
2.73074
2.89577
3.14938
2.77822
3.08476
2.85195
2.91402
3.29528
2.68741
2.9158
2.70606
3.04066
3.0893
2.98887
2.82157
2.52045
3.19308
2.9229
3.08366
3.00426
2.64531
2.78308
2.91233
3.11849
3.10795
3.27825
2.75945
3.1683
2.86884
2.77198
2.82788
2.55784
2.64042
2.87467
2.40594
3.01688
3.08453
2.99249
2.5892
2.5603
3.0851
3.14497
2.72583
3.04727
3.17604
2.69304
2.75129
3.08573
2.89347
2.92675
3.26181
2.77869
2.80842
2.97199
2.81481
2.87094
3.14551
2.69318
2.99407
3.01524
2.79915
2.72776
2.80796
3.35881
2.62505
3.12038
2.84576
2.95386
2.95091
2.78433
2.86152
2.99112
2.87603
3.00091
2.81841
2.78837
2.88061
2.56991
2.64327
2.67138
2.83734
2.93031
2.92533
2.62323
3.0612
3.0268
3.13226
2.79421
3.13564
2.55442
2.88562
2.72282
2.51098
2.7001
3.09054
2.84932
3.06112
2.61959
2.83766
3.03161
3.17377
2.62224
2.72282
3.03911
2.87389
2.45066
2.91289
3.07724
2.76298
2.90638
3.02818
3.4343
2.62586
2.58561
2.91481
2.47743
2.92876
3.16854
2.56661
2.66192
3.26046
2.75796
3.09123
3.07847
2.99658
2.596
2.77448
2.87721
2.61159
2.77362
2.91795
3.07785
2.91308
3.15421
2.62761
2.53717
2.62974
2.62695
2.58127
2.85614
2.86519
2.7433
2.84617
3.32581
2.94713
2.94725
3.07301
2.60606
3.13819
2.85786
2.89521
2.62277
2.59892
2.67977
2.95543
3.00018
2.65132
3.17807
2.89936
2.5602
2.4942
3.21723
2.98302
2.90427
2.77171
2.77709
2.5678
3.11137
3.00505
3.24201
2.85556
2.52123
2.70523
2.84629
2.92452
3.307
2.85164
2.56045
3.09015
2.78861
2.66583
2.70885
2.85748
2.44201
3.06438
2.94686
2.73335
2.87682
2.78648
2.60092
2.56294
3.09195
2.73544
3.12263
2.74414
3.02324
2.61121
2.77809
3.16197
2.79405
2.68407
3.15178
2.17758
2.74168
2.8209
3.0621
2.59132
2.68512
2.81557
2.92555
2.53486
2.68584
2.91019
2.91941
2.88003
2.63494
2.56462
2.85594
2.71053
2.88375
2.72724
2.99777
3.03894
2.80496
2.62604
2.99642
2.8614
2.87437
2.79697
3.04195
2.96231
3.25236
2.76499
3.08651
2.73923
2.91201
2.86794
2.24938
2.74862
2.60927
2.63901
3.01088
3.18975
2.98821
3.02919
2.61012
2.7693
2.86661
3.04174
2.9266
2.82933
2.98815
2.34248
2.81122
2.61115
3.02612
2.63338
2.99016
2.98428
3.01032
2.99411
2.73923
2.939
3.02246
2.86195
3.04061
2.9726
2.87324
2.49559
3.04093
2.94689
2.98443
3.03974
2.68063
2.9642
2.63914
2.66597
2.96857
3.2956
2.86655
2.66364
2.82754
3.15279
2.76366
3.02514
3.16749
3.12725
2.66972
2.7464
2.25405
2.6108
2.5403
2.93324
2.89658
2.93697
3.04537
2.88229
2.42692
2.6122
2.91975
2.73459
3.04111
2.98952
2.89556
2.95994
2.85159
2.65054
3.05524
2.64651
2.71485
3.07434
2.53656
2.95716
2.9549
2.73332
3.18396
2.7348
3.1307
3.05115
2.74754
2.75118
2.7278
2.76382
3.27009
2.9261
3.00171
3.06871
2.94431
2.63262
2.81227
2.85838
3.09433
3.02192
2.79295
3.02903
3.1907
2.92258
2.53328
2.78718
3.03432
2.47395
3.40146
2.55497
3.1433
2.73524
3.16319
2.44647
3.16082
2.93159
2.87632
3.00485
3.0722
3.17175
2.37284
3.1576
2.64585
2.84192
2.92382
2.52037
2.5895
2.95844
2.50111
2.75876
2.9805
2.69737
2.49022
3.22563
2.5427
2.82161
2.70254
2.70782
2.31808
2.64465
2.28864
2.87241
2.21839
2.9358
2.85305
2.95147
2.65894
3.16819
2.98854
2.88469
2.54549
3.20637
2.89276
2.91857
2.69295
2.65058
2.46147
2.81191
2.80967
2.92897
2.75104
2.77472
3.17989
3.20005
2.76481
2.72678
2.91853
2.94133
2.84099
2.97062
3.28371
2.87229
2.91467
2.76991
2.86125
2.88956
2.78466
3.06109
3.07261
2.75412
2.94468
2.83761
2.8635
2.93368
2.79853
3.00813
2.8862
3.10821
3.0252
2.72172
2.46848
2.95697
2.94505
2.96803
3.02165
3.17542
3.3153
2.65303
2.92407
3.00864
2.98844
2.78179
2.88616
2.98047
2.69498
2.8685
2.60463
2.5485
2.69227
2.39884
2.68086
2.53188
3.07341
3.20522
2.36034
2.73775
2.52118
2.04104
2.81126
2.70623
2.93233
2.8109
2.40132
2.61286
2.86593
3.07366
2.73157
2.95132
2.93203
2.59375
2.87988
2.75215
2.91212
2.65608
2.71381
3.05111
2.70681
2.85008
2.92996
2.83411
2.51045
2.76081
2.68599
2.98905
2.8011
3.25378
2.86302
2.83237
2.92352
3.00682
2.61392
3.55521
2.64663
2.9267
2.77328
2.76538
2.95359
2.73036
3.02482
2.79229
3.06403
2.84054
3.09151
3.08269
2.82118
2.77646
2.75409
2.41807
2.7393
2.84602
2.96479
3.25096
2.88272
2.96899
3.02222
2.71533
2.7048
2.88543
2.50706
3.19447
3.39624
2.91461
3.0552
3.04728
2.91621
3.15942
2.82548
2.59808
3.0048
2.87965
2.76183
3.00508
2.96241
3.02128
2.73951
3.01925
2.7471
2.76793
2.85301
2.92596
3.50961
3.5688
3.07882
3.12238
2.48715
3.0042
3.24573
2.61383
2.67631
3.24753
3.63584
2.64698
3.0722
3.19792
2.85782
2.93406
3.16473
2.95083
3.39947
3.22805
3.32445
3.00385
2.40942
2.9963
2.76879
2.628
3.03173
2.67262
3.39521
3.24091
3.05628
3.10757
2.95079
2.85055
3.54893
3.28377
2.91622
2.68447
2.98896
3.0454
2.97104
3.24496
3.29091
3.18203
2.86618
3.05387
3.192
2.59024
2.76092
2.64875
2.97176
2.90083
2.61323
3.03526
2.76742
2.96139
2.88681
2.67726
2.97073
2.72139
3.1102
2.88318
2.99265
2.82015
2.75837
2.87228
3.27044
2.93101
2.97163
3.01418
2.9127
2.85137
2.48009
2.4102
2.64204
3.3154
3.26822
3.07723
2.75218
3.14628
3.00016
2.96414
2.7721
3.09857
2.80136
2.61064
2.9715
3.25845
3.31154
2.90956
3.12389
2.65435
2.77208
2.9204
3.2559
2.7782
2.86261
2.93259
2.9531
3.04113
3.06004
2.97459
3.07909
3.08262
3.18056
3.10287
2.89433
3.08359
2.97821
2.82067
3.32718
2.72203
2.56697
2.79215
2.70314
3.32174
2.98999
2.97732
3.04836
2.57895
2.77383
3.09415
3.17876
2.801
3.15904
2.90922
3.0096
2.68738
3.10173
3.13172
2.96485
2.8647
2.90104
3.08937
3.13272
3.32952
2.73486
2.86988
2.70108
3.17349
2.98883
2.74209
2.98394
2.43075
3.38213
2.47892
2.97126
2.80015
2.85276
2.93977
3.00294
2.60984
3.12811
2.74047
2.79474
3.04293
2.97116
2.9891
2.70027
2.78466
2.82736
2.78509
2.97458
2.88878
2.81215
2.87551
3.20884
2.62391
2.66991
2.90638
3.01615
2.83975
2.90489
3.09481
2.72523
2.38187
2.19526
3.00013
2.77209
3.29247
2.6149
2.90175
2.70124
2.82907
3.08823
3.12607
2.91575
2.66205
3.13607
2.85093
2.57074
2.93287
3.29022
2.71262
2.80757
2.74246
3.02205
2.51685
2.73106
2.68815
3.2174
3.06186
2.58889
2.9234
2.81858
2.90607
2.96244
3.02584
2.88526
2.81389
3.02981
2.93875
2.77341
2.98852
2.6934
2.82949
3.09706
2.93231
2.92581
3.00759
2.77273
2.87994
2.68024
2.89456
2.9787
3.00814
2.5773
2.78935
3.16406
3.20672
2.63134
2.63681
2.54795
2.59819
3.05617
2.71999
3.09097
2.87715
2.66037
2.26905
2.44245
2.61138
2.56402
2.73231
2.60156
3.1995
2.75146
2.80468
2.99019
2.54525
2.51355
2.55686
2.70002
3.13801
3.01749
2.64566
2.826
2.62203
2.40779
3.14944
2.64151
2.77659
2.8603
2.40326
2.75457
2.70024
2.77971
3.04717
2.65804
2.67856
2.44378
2.85715
2.41106
3.03904
2.60069
2.93
3.15845
2.73107
2.64524
2.78055
2.55668
2.52474
2.89621
2.95223
2.9376
2.75433
3.05458
2.84644
2.61233
2.41384
2.54949
2.85125
2.70163
2.27805
1.86894
2.96722
2.40315
2.60308
3.24514
2.96897
2.50582
2.78785
2.49395
2.33504
2.48572
2.4767
2.73698
2.73728
2.78667
2.70217
2.75017
2.49267
2.63166
2.98416
3.29453
2.91457
2.9338
3.11485
3.09334
2.8992
3.03218
2.5056
2.51272
2.90245
3.14028
2.83435
2.7911
2.84314
2.39746
2.88483
3.0584
2.93193
2.95316
2.75483
2.55778
3.04997
2.60776
3.18181
2.95201
2.50832
3.16852
2.83445
2.83388
3.19748
2.80938
2.96441
3.166
2.60421
2.89352
2.90151
3.48175
2.9828
2.89716
2.99788
3.07901
2.71038
2.95612
2.40792
2.87689
2.67156
2.82408
2.73051
2.45601
2.55801
2.77184
2.83674
2.84532
3.04243
2.45097
2.91164
2.50349
2.33375
2.50546
2.78551
2.26844
2.5999
2.80636
2.76699
2.33278
2.47839
3.05489
2.95674
2.79224
2.9196
2.64524
2.68331
2.3325
2.66772
2.64924
3.08609
2.5123
2.83774
2.6641
2.73457
2.85109
2.6675
3.17117
3.03945
2.7483
2.88268
3.00757
2.75924
2.62786
2.66791
2.17928
3.23822
2.42327
2.89025
2.7601
2.49225
2.88877
2.77129
2.74927
2.78047
2.84277
3.17362
3.22296
3.32716
2.73182
2.59093
2.8244
2.86229
2.87436
3.07267
2.57975
2.63401
2.6418
2.76588
2.83639
2.81491
2.39119
2.80284
2.40643
3.05833
2.98247
3.09912
2.84872
3.15168
3.13944
3.08691
2.87314
2.6109
2.72669
2.88428
3.3455
2.72636
2.9381
3.07965
2.84137
2.87524
2.7429
2.8551
3.0097
3.22496
3.15258
3.0258
3.15067
2.96761
3.16615
2.63509
3.38829
2.98594
3.17435
2.93599
2.86282
2.69115
3.40999
3.09949
2.78144
2.7644
2.82202
3.0721
2.78786
3.11487
3.18125
3.118
2.88171
3.02414
2.88951
2.86761
2.88222
2.80064
3.1173
3.14431
2.82339
3.18068
2.94113
2.90858
2.8246
2.75687
3.20981
3.32314
2.8
2.98992
3.24124
2.97016
2.97928
3.25123
3.26265
3.15191
2.70151
3.26889
2.69166
3.1364
2.54267
2.9621
3.17255
2.607
3.26361
3.03559
3.13846
3.03828
2.86193
3.13442
2.90452
2.93577
2.80711
2.91711
2.69697
2.8387
2.81929
2.26583
2.72652
2.34742
2.81749
2.56615
3.0738
3.15857
2.64639
2.98313
3.00584
2.76386
2.85644
3.34462
2.67196
2.5565
2.67537
2.70597
2.77512
2.79601
2.8678
2.95615
2.70703
3.02527
2.94584
2.61581
2.58976
2.67421
2.77002
3.16979
2.88113
3.09426
3.2256
2.94454
2.97707
2.75499
3.10952
2.89754
3.08244
2.53858
2.91668
3.2756
3.00093
3.14902
2.96624
2.85113
3.18096
3.01907
2.9642
2.93844
2.58215
3.36068
3.00649
2.85212
2.64236
3.06499
2.9746
2.88162
2.85468
3.23483
2.83069
2.6716
2.82476
3.00525
2.74442
2.95263
2.74218
2.50812
2.5935
3.04004
2.88479
2.82884
3.11904
2.55656
2.94189
2.70272
3.017
2.68525
2.69542
2.90181
2.88263
2.47826
2.94189
2.52356
2.46697
2.63226
2.54244
2.77077
2.4613
2.85965
2.58859
3.02069
2.8599
3.17639
2.7611
2.67545
2.75361
2.64271
2.68525
2.69674
2.69953
2.80474
2.77615
2.74698
2.93606
2.75524
2.6513
2.86241
2.80203
2.7157
2.64891
2.6437
2.94748
2.59004
2.93203
2.6194
2.64423
2.73524
2.69557
2.9084
2.91605
2.83474
3.04331
2.97677
2.76307
2.87554
2.9047
2.82491
2.49891
2.5748
2.9277
2.83476
2.87947
2.85588
2.77455
3.05563
2.84126
2.80123
3.01733
3.19387
2.94912
2.792
2.93454
2.91003
2.8161
2.8164
3.06175
2.85925
2.90995
2.57256
2.64856
2.89742
2.78301
3.11712
2.93104
2.76968
2.64887
2.64232
2.81034
2.78497
2.85797
3.13951
2.63238
2.69642
2.8393
3.21405
3.24532
3.25729
2.59353
2.84823
3.07479
3.23678
3.38681
3.07507
2.98008
3.04507
2.9623
2.71739
2.98987
2.96962
3.05506
2.72833
2.97783
3.06996
3.32343
2.9083
2.6785
2.77408
3.04628
2.85785
2.89214
3.0515
2.86907
2.99368
2.70326
2.76512
3.0744
2.90058
2.72002
3.05182
2.98032
3.11542
3.35788
3.19102
2.82328
2.51185
2.98733
2.83346
2.98782
2.98326
2.89479
2.69092
2.44927
2.843
3.23616
2.7087
2.66735
2.78534
2.30625
3.19122
3.17169
3.00761
3.08973
3.08888
3.13014
2.60992
2.64493
2.84679
2.62612
2.70017
2.78129
3.02589
2.49185
2.93479
3.08745
2.9163
2.49481
2.81271
2.4941
2.96543
2.6264
3.00951
2.59251
3.17814
2.77922
2.84073
2.60385
3.12861
3.4489
3.12473
2.74217
2.56363
3.36397
3.14545
2.93337
3.06655
2.96745
3.08539
3.2095
3.31886
2.6496
2.61638
3.12153
3.11715
2.84979
3.34221
3.312
2.83158
2.59408
2.59058
3.00057
2.99062
3.15602
2.63093
3.0939
2.52202
3.06756
2.9399
2.86408
2.99086
3.01067
3.1255
2.86002
2.37309
2.90246
2.77844
2.77523
2.68173
2.6573
2.89145
3.02178
2.44579
3.17798
2.83708
2.69831
2.8559
2.64987
2.79754
2.86214
3.21313
2.88438
2.93775
2.92856
3.08253
2.93739
3.00767
2.94449
2.77623
2.6675
2.9862
2.70708
3.21849
3.04856
2.77267
2.76476
2.85072
2.7891
2.5941
2.67813
2.86235
2.69581
2.8066
2.48807
3.06991
2.65856
3.11083
2.87867
2.39271
2.69615
2.67192
3.08399
2.51907
2.82251
2.75862
2.661
2.36804
2.98231
2.61934
3.14614
3.03511
2.92115
2.65095
3.0207
2.78502
2.94094
2.51915
2.93683
3.20684
2.68573
2.76433
2.92224
2.67766
2.79949
2.60318
2.92577
2.90869
2.84769
2.6608
2.68612
2.75484
3.25863
3.01084
2.69674
2.88639
3.14379
2.95649
2.85152
3.14797
2.68037
2.64914
2.66323
2.91052
2.99033
2.73708
2.59078
2.79845
2.68527
3.00618
2.9073
2.89416
2.75575
2.35738
2.53872
3.24501
3.15625
2.74618
2.64231
2.5429
3.03045
2.85939
2.88074
2.90371
2.8741
2.47538
2.69526
2.39559
2.78943
2.95193
2.55225
2.67489
2.44991
2.76892
2.81484
2.83265
2.54328
3.44128
3.15727
2.6925
3.01314
3.01196
2.8498
3.11477
3.22829
2.59818
2.55483
2.74326
3.0278
3.13371
3.06835
2.98153
3.07183
2.66098
2.80493
2.77228
2.5671
2.21638
2.87938
2.72174
2.77469
2.63159
2.66482
2.97879
2.54541
2.46336
2.93984
2.56239
2.49216
2.57521
2.21061
2.82636
3.04292
2.48047
2.84174
2.59072
2.7863
2.54618
2.9484
2.81455
2.66823
3.08965
3.0178
2.75154
2.74237
2.77433
2.7064
2.80417
2.76656
2.81298
2.5411
2.84251
2.84202
2.48873
2.69549
2.82663
3.46574
3.14775
2.69212
2.79045
2.97254
3.27054
3.03973
3.10898
3.0571
2.5992
2.72328
2.95346
3.01523
2.8361
3.17748
3.50481
3.07554
3.36093
3.36726
3.50937
3.03592
2.7058
3.32627
2.84363
2.76413
3.45518
2.9973
2.97603
2.35642
2.83974
3.42082
2.97781
3.05658
3.42251
3.01802
2.79364
2.91777
3.34868
3.20547
2.56229
3.11258
2.79256
3.08141
3.26503
2.88615
3.01131
2.5327
2.85202
3.03675
2.78463
2.84967
3.02674
2.68528
2.7403
3.27603
2.78308
3.238
3.14986
2.98913
2.86283
3.37648
3.0587
2.84227
2.39282
2.9763
2.99559
3.0154
3.00232
3.05402
2.79887
3.02871
2.89015
2.99028
2.95173
3.07247
3.01087
2.85796
2.74327
2.66234
2.69355
2.70019
3.42577
2.73081
2.56857
2.6118
3.18848
2.84035
3.09099
3.08661
2.88355
2.87292
2.45691
2.95173
3.09171
2.75056
3.03499
2.81967
2.30306
2.82137
3.15623
2.98711
2.94288
2.8409
2.88089
2.92172
2.66637
2.69111
2.78036
2.85733
2.37536
2.68897
2.90895
3.20523
3.30774
2.9884
2.87465
2.88893
2.85015
2.71201
2.97599
3.03089
3.16342
2.96257
3.0189
3.12709
3.35805
2.51956
2.73039
3.11526
2.8016
3.05216
2.88099
3.23126
2.58309
3.49395
3.14324
3.09133
2.61185
2.95593
2.8524
3.00087
3.13585
2.84338
2.81531
2.81335
2.62407
2.74455
2.70392
2.67054
3.05213
2.52358
2.58298
2.83362
2.63269
2.7916
2.90297
2.74727
2.76924
2.94137
2.66531
2.82434
2.50691
3.16077
2.81938
2.98326
2.8667
2.6899
3.10551
2.85831
3.37425
2.64833
3.17823
2.75196
3.05826
2.86944
3.2668
2.85162
2.98341
2.82814
2.97227
3.65003
3.29423
2.9356
2.39374
3.07993
2.98869
2.81699
2.94918
3.25828
2.80535
3.04658
2.88259
