28.8526
28.8851
28.837
29.0693
28.6377
29.1871
28.6114
28.8397
28.7753
28.7195
28.9249
28.5388
29.0098
28.6769
28.8196
28.9603
28.8977
28.8755
28.6587
28.9397
28.9376
28.7243
28.7188
29.2832
28.9278
29.0341
28.6783
29.0361
28.74
28.912
28.8744
28.6663
28.9775
28.5539
28.7713
29.1829
28.3155
29.008
29.1323
29.1452
29.0349
28.9534
28.5039
28.8917
28.7829
28.9406
29.1071
28.8648
28.8717
28.5739
28.6994
29.2293
28.4493
29.0912
28.9267
28.7532
29.4978
28.5659
28.8164
28.6027
28.993
28.8159
28.9496
29.1388
28.5827
28.6644
28.4854
28.8023
28.6005
29.3967
28.7509
28.9962
28.8054
28.8923
29.0976
29.0694
28.586
28.7101
29.0977
28.7284
28.9073
28.8587
28.6864
28.8275
28.8934
28.8102
28.568
28.8276
28.853
29.0199
28.8433
28.6462
29.0755
29.0692
28.8036
29.0913
29.0041
28.6369
29.1752
28.6417
28.7494
28.6237
29.043
29.0065
29.123
28.8411
28.5302
28.5538
28.3169
28.5992
28.8972
28.7504
29.165
29.0679
28.569
28.403
28.6961
28.6699
29.1124
28.4017
28.476
28.9047
28.983
29.0095
28.8812
28.6009
28.9079
28.7923
28.6321
28.4905
29.1093
29.0273
28.5489
28.2921
29.2312
29.0678
29.4261
28.7623
28.8797
28.966
29.0557
28.5317
28.8176
29.1672
29.0237
29.0202
28.875
28.84
28.5867
28.5908
29.0357
28.9215
28.8398
28.8261
28.8169
28.5758
28.8951
28.5571
28.6578
28.713
28.6071
29.5084
28.8995
28.6377
28.9316
28.8061
28.7356
29.0133
28.7299
28.9253
28.9647
28.6541
28.683
29.2373
29.07
28.5803
28.8535
28.9496
28.6202
28.3924
28.8761
28.7974
28.6976
28.7377
28.672
28.6358
28.6617
28.7159
28.7142
29.178
28.8223
29.1037
28.7551
28.3547
28.4768
28.6734
28.879
28.6209
28.8869
28.9141
28.9628
28.6828
29.0159
28.5484
28.963
28.6263
29.1185
28.821
28.9393
28.6958
29.0075
28.8316
28.8037
28.9065
28.7185
29.1561
28.4989
28.3731
28.719
28.6677
29.0836
28.6756
28.7875
28.9648
28.9438
29.1241
28.7972
28.8017
28.6422
28.7625
28.9037
28.4423
29.2215
28.3812
28.8582
28.9659
29.0566
28.6349
28.8928
29.0594
28.9834
28.9825
28.9919
28.7719
28.7215
28.8814
28.8621
28.6928
29.1442
29.563
28.813
28.7523
28.9925
28.6468
28.6519
28.9019
28.55
29.0388
28.8095
28.7457
28.5618
28.507
28.7853
28.8893
29.03
28.4112
29.0462
28.8042
28.5405
29.212
28.9036
28.8708
29.0229
29.0856
28.9989
28.9458
28.9934
28.8634
28.8933
28.5321
28.9708
28.8702
28.6835
28.6541
29.0414
28.6034
28.625
29.1257
28.7346
28.8157
28.8326
28.8895
28.9513
28.7711
28.8951
28.9049
28.4506
28.7073
28.8772
28.9286
28.6709
28.6386
29.169
28.2872
28.7696
28.7615
29.0331
28.2408
28.4201
28.4022
28.7452
28.7474
28.5557
28.7448
28.8199
28.7439
28.7029
28.805
29.0076
28.8431
28.4548
28.8254
28.6445
28.3676
28.8021
28.7267
28.5965
28.7575
29.2056
28.3109
28.8142
28.9911
28.862
28.6433
28.2177
28.8882
28.808
28.6205
28.7126
28.8956
28.5247
28.1458
28.6901
28.8169
28.8954
28.7418
28.4335
28.6312
28.6955
28.4165
28.9862
28.5853
28.8368
28.7708
29.0318
28.4714
28.3632
29.0351
28.4454
28.7959
28.8616
28.5608
28.7862
28.4545
28.8616
28.7457
28.5076
28.8832
28.459
28.6961
28.6402
28.9622
28.3927
28.524
29.0667
28.5053
28.8578
28.7038
28.5869
28.3921
28.5925
28.7808
28.6395
28.7525
28.7281
28.2468
28.6922
28.5183
28.6593
28.2206
28.9079
28.9601
29.0757
28.7488
28.8198
28.5452
28.8299
28.9694
29.3003
29.0947
29.2568
29.0346
29.0166
28.846
28.6897
29.2176
29.0598
28.8644
29.1074
29.2787
29.4931
28.5579
28.5417
29.0179
29.3401
28.8241
28.8997
28.7724
28.9386
28.7061
29.0609
29.013
29.2266
28.9958
28.9219
28.9678
29.176
29.1007
28.9284
28.8199
28.978
29.0176
29.1544
29.139
28.866
29.0958
28.6814
29.0732
28.9379
28.9232
29.2883
29.4043
29.303
28.9143
28.7717
29.0327
28.8799
28.6998
28.9746
29.115
28.8548
29.0333
29.0754
28.7643
28.8763
29.6647
29.0057
28.7889
28.9995
28.866
29.1842
28.9285
29.1028
29.3501
29.041
28.4476
29.1802
29.0242
28.6548
29.2075
28.687
28.5482
29.2683
29.2527
28.7149
28.825
28.6952
28.9676
28.8172
28.9125
28.9105
29.0525
28.7946
28.4048
28.9681
29.0335
28.7961
29.0163
28.9051
28.7171
29.0058
29.2566
29.2788
28.9889
29.1285
29.2308
28.8739
28.5428
29.0674
29.2181
29.1239
28.7869
28.9178
28.9296
29.1705
28.8978
28.7764
28.6896
28.9659
28.889
28.635
28.9529
29.3927
29.1366
28.8504
29.2713
29.1644
29.2552
29.02
28.436
28.9998
29.3125
28.7382
28.8348
28.5525
29.0441
29.0892
28.7753
29.1014
28.8391
28.846
29.0272
28.9714
29.1597
29.4144
29.0101
28.8881
29.1919
28.84
28.5223
28.6175
28.8529
28.9394
28.7431
29.0833
28.6406
28.9737
29.2532
29.1435
29.026
29.0786
28.8525
29.0502
28.7721
29.0417
28.8596
28.8792
28.9477
28.6211
28.7313
28.8331
28.7872
28.4564
29.1841
29.1425
28.8589
29.1748
29.1509
28.6607
28.937
28.7853
28.95
29.0539
28.9239
29.0035
28.8044
28.6424
28.5047
28.7874
29.0601
28.6521
28.637
28.972
28.5037
28.9537
29.3575
28.6732
28.8314
28.9792
28.6524
28.499
28.6751
28.9636
28.7971
28.8589
28.5941
28.8873
29.1311
29.2434
29.3818
29.2103
29.257
28.6907
28.6711
28.9221
28.777
29.0627
28.8158
29.2051
28.872
29.0064
29.1014
29.2016
29.0928
29.0066
28.7738
28.876
29.0925
29.0124
28.7652
28.6958
28.6562
28.9107
28.7937
29.1091
29.152
29.0902
29.0136
29.114
28.8874
29.1961
29.0012
29.1637
29.0559
28.8449
28.9143
29.1174
28.5966
29.0124
28.9561
29.1106
28.8085
29.2631
28.958
28.8079
29.1213
29.1834
29.4528
29.1451
28.8663
28.8054
28.6104
28.9157
28.8542
28.6585
28.9675
29.4683
28.9328
29.2352
29.0401
28.6365
28.8307
29.0867
29.0185
28.7583
29.0935
29.0629
28.7857
28.8448
28.9195
28.7996
29.0121
28.3679
29.177
28.3661
28.842
28.611
28.7785
29.1062
28.8948
28.9351
28.7642
28.8078
28.8474
28.8373
28.8174
28.705
28.6406
29.1854
29.4329
28.6398
28.6648
29.2686
28.8032
29.075
28.7335
28.8737
28.7892
28.6171
29.0912
29.2214
28.7274
29.223
29.1854
29.0946
29.0661
28.8105
29.0035
28.4928
28.7722
28.5487
29.0476
29.0236
28.9286
28.4874
28.7885
28.9517
28.7628
28.7433
28.7369
28.7677
29.0273
29.1318
28.6778
29.0663
28.7622
28.6206
29.0499
29.1181
28.793
28.7444
28.3823
28.5849
28.8451
28.9655
28.8648
28.8615
28.8593
28.5396
29.3687
28.899
28.6195
29.0172
28.7447
29.2347
28.6217
28.8358
28.6006
28.8992
28.2355
28.7034
28.3895
28.9591
28.4152
28.6241
28.2412
28.4714
28.6688
29.0255
28.9359
28.6786
28.8099
29.3078
28.8759
29.1667
28.847
28.5009
28.9122
28.6164
28.6835
28.7611
29.2081
29.093
28.6536
28.7821
28.9735
28.9568
28.4166
28.6717
28.4244
28.8924
28.801
28.6036
28.616
29.0677
28.8949
28.6101
28.5849
29.0965
28.6747
28.8224
28.8626
28.7719
28.9847
28.5814
28.7669
28.5958
28.8723
28.5816
29.002
29.0577
28.9172
28.3953
28.6862
28.4823
29.0475
28.7464
28.743
28.6753
28.8985
28.9575
28.7805
28.762
28.876
28.8575
28.7621
28.7557
28.2674
28.9679
28.8544
28.5693
28.549
28.5575
29.0994
28.772
29.0528
28.6552
28.5353
28.7148
28.594
28.6426
28.7986
28.6078
28.5747
28.8312
28.4901
28.8154
28.5896
28.6587
28.6097
28.9366
28.8559
28.6292
28.3502
28.4158
28.5859
28.7552
28.8853
28.886
28.9453
28.4882
28.9039
28.3974
28.3286
28.648
28.5669
28.7316
28.3865
28.8308
28.8734
28.5368
28.8742
28.8141
28.8034
28.6976
29.3225
29.1408
28.813
28.7528
28.9036
29.0128
28.5829
28.8755
28.9411
29.1028
28.9017
28.7923
28.4841
29.4185
28.9814
28.5756
29.0229
28.7709
29.1404
28.8472
28.9304
28.9367
28.8118
28.7433
28.6627
28.7812
29.0195
28.8698
29.2961
28.723
28.5959
28.8148
29.2841
28.7532
28.8839
28.7257
28.801
28.7127
28.5839
28.9134
29.2126
28.914
29.1348
28.8482
29.0461
29.0036
28.6486
29.2388
28.6046
28.9708
29.2384
29.0952
28.4676
28.9871
29.1272
28.7022
28.8132
28.8015
28.6173
29.0866
28.9192
28.8491
28.6301
28.7264
29.0448
28.7262
28.8078
28.7106
28.6488
28.7575
28.9258
28.839
28.7548
28.9015
28.7355
28.7481
29.107
28.7712
28.2713
29.1173
28.4487
28.8635
28.399
28.6028
28.9886
29.0911
28.3382
28.5662
28.3338
28.9429
28.8696
28.8058
28.4846
28.3956
28.6282
28.6189
28.417
28.6879
28.8153
28.7931
28.8448
28.2999
28.5876
28.6495
28.5803
28.8851
28.8926
28.7213
28.6858
28.9514
28.7247
28.7778
28.6429
28.6943
28.8045
28.6861
28.9243
28.9406
28.6089
28.5626
28.7264
28.4216
28.5952
28.8683
29.1109
28.7406
28.8781
28.9375
28.31
28.7802
29.0004
28.4263
28.651
28.9673
28.4994
28.7965
28.7207
28.6041
28.3065
28.8792
28.2561
28.2618
28.8136
28.6141
29.2658
28.959
28.8433
29.1336
28.6531
28.6282
28.8599
28.6479
28.8059
28.8145
28.5287
29.1807
28.441
28.6703
28.2747
28.5883
28.7674
29.0132
28.4428
28.8257
28.7071
28.5615
28.7745
28.4771
28.7571
28.6817
29.0029
28.7457
29.045
28.9314
28.6391
29.0825
28.6067
28.6931
28.8439
28.4424
28.5733
28.7718
28.8017
28.3877
28.8623
28.6493
28.9139
28.5566
28.244
28.8302
29.0915
28.6321
28.8024
28.7114
28.8869
28.5172
28.9398
28.787
28.776
28.9685
28.6741
28.8765
28.854
28.6916
28.9563
28.7434
28.8489
28.8484
28.4055
28.9834
28.4793
28.8971
28.9556
28.5974
28.6947
28.9493
28.7272
28.7223
28.399
28.5303
28.5606
28.9668
28.986
28.582
28.7245
28.6071
28.9525
29.0049
28.5058
28.4039
28.7176
28.5925
28.5376
28.8349
28.4906
28.5999
28.4814
28.5971
28.5191
28.7972
28.4994
28.5597
28.566
28.5492
28.583
28.5997
28.4233
28.7584
29.1342
28.3328
28.7958
28.9637
28.9014
28.6505
28.5468
28.2628
28.7455
29.1187
28.6755
29.1878
29.0397
29.0629
29.2453
28.5424
29.2951
29.3126
28.9615
28.66
28.9271
29.155
28.7847
28.607
29.2075
28.8291
29.3733
28.6446
28.6456
29.0532
28.676
28.7997
28.7889
29.0392
28.9437
29.0253
29.079
28.5843
28.5743
28.6468
28.5246
28.6764
29.1457
28.9037
28.9743
28.8726
28.5534
28.5802
29.0629
29.1321
29.1913
28.9153
28.7875
29.0654
28.9982
28.7287
29.081
28.8923
28.5408
29.1918
28.9202
28.9316
28.2584
29.0258
28.6055
28.9707
29.3676
28.8857
28.6787
28.8686
28.884
29.1219
28.7321
29.0079
29.0817
28.6645
28.883
28.6283
28.821
28.7634
29.7929
29.0584
29.0577
29.2576
28.9782
28.3512
28.8395
28.9794
28.5756
28.9406
28.8901
28.7394
29.3985
28.9805
29.055
28.9314
29.449
29.0163
29.0057
28.9464
28.9084
28.4936
29.3045
29.0491
28.762
28.8076
28.9809
28.775
28.6864
28.8662
29.3272
28.4785
29.1959
28.8595
28.8314
29.0244
28.8192
28.8957
28.9765
29.0781
28.9607
28.8059
28.9567
28.8265
28.8331
28.715
28.8149
28.964
29.07
28.9492
28.6844
28.6992
28.7607
28.8916
28.9169
28.4255
28.7336
29.0538
29.1112
28.6455
28.7758
28.9683
29.06
29.1191
28.6678
28.7697
29.0324
29.5121
28.59
29.0708
28.7267
29.0672
29.0834
28.5387
28.8031
28.925
28.7662
28.9521
28.7846
28.9493
28.9756
28.6184
29.0075
28.8164
28.8243
29.0926
29.1167
28.6959
28.7814
28.6282
29.0329
28.9332
29.1616
28.7496
28.85
28.9426
28.9173
28.7934
28.7454
28.8421
29.0956
28.9834
29.1415
29.1482
28.8424
29.0817
28.8411
29.0982
29.2086
28.9776
28.9293
28.8937
29.1031
28.4586
28.8704
28.8636
28.8767
28.8503
29.0406
28.8531
29.2348
28.8429
28.9416
28.9173
28.9908
29.4023
29.0761
28.8487
29.5627
29.1406
29.312
28.6693
29.2835
28.7034
29.2925
28.6555
29.1006
28.8224
28.6871
28.9585
29.0528
29.0636
29.1819
29.3191
28.8622
29.2899
28.5518
29.1579
28.7704
28.579
29.2368
29.119
28.9569
28.9016
29.1282
28.6186
28.8028
29.0168
28.8474
28.872
29.0506
28.7286
29.1741
28.6696
29.1924
29.0417
29.2847
29.0778
28.9702
28.6144
29.1996
29.3741
29.2098
28.8867
29.1898
29.0405
28.4365
29.4125
28.668
29.0653
29.1343
29.16
28.9148
28.8659
28.8323
28.9626
29.2446
29.1597
29.0094
28.9009
28.8388
28.9636
29.0271
28.9726
28.7932
29.0209
28.8424
29.1669
28.9535
29.2837
29.0051
28.7117
28.9236
28.9995
29.1467
28.961
29.2401
29.11
28.7988
28.6715
29.0246
29.2987
29.1067
29.2298
29.0738
28.8015
29.4232
29.1253
29.2714
29.3656
29.2075
28.7945
28.9925
29.1097
28.9879
29.0233
29.2117
29.3645
29.4639
29.0846
29.2946
28.5958
28.7393
29.2839
29.2477
29.3851
29.1703
29.0277
29.001
29.1145
29.1279
28.8498
28.802
28.696
28.8841
29.1565
29.0582
29.2584
28.8561
29.0514
29.0092
29.0166
29.1185
28.9039
28.6728
29.1903
28.9965
29.1868
28.5254
28.9924
28.5792
28.3831
28.8236
29.0907
28.9356
29.0663
29.0431
29.2313
28.6563
29.174
28.8144
29.4621
28.8916
28.4224
29.315
29.0307
28.9908
28.9441
29.4272
29.1551
29.0657
29.2241
29.2017
28.9243
29.3223
29.2365
28.4863
29.0219
28.6417
29.1455
28.8738
29.1023
29.3201
29.2281
29.2474
29.1511
29.0275
28.8813
28.8419
28.6425
29.1155
29.1164
28.661
29.1712
28.8453
28.7152
28.8657
29.0792
28.9748
29.1874
28.904
28.7158
28.8397
29.2743
28.7419
29.1109
29.5591
29.2443
29.0927
28.797
28.6679
29.0534
29.338
29.0837
29.379
29.1541
28.8323
29.1232
29.136
29.3756
28.9049
29.3675
29.1616
29.0956
29.16
29.097
29.1367
29.0166
28.9102
28.7761
29.2975
29.0675
28.8529
28.7368
29.3517
28.5574
28.8297
28.8799
29.01
28.9409
29.1971
28.8136
28.8726
28.9084
28.4726
28.5922
29.1944
28.7336
28.9082
28.438
29.0801
29.2321
29.1471
28.5713
29.2856
28.4787
28.6918
28.8897
28.7248
28.9641
28.6322
28.4679
28.8754
29.2381
28.7585
28.7834
28.9048
28.8127
28.7395
29.2446
28.2269
28.7744
28.7762
29.0409
28.9059
28.7945
28.4563
28.6107
28.8118
29.0311
28.8153
28.7609
28.5818
28.7179
28.4872
28.7296
28.9164
29.053
28.837
29.0288
29.0069
28.3838
28.6299
28.6957
28.4395
28.8445
29.1033
28.8601
29.0953
28.5943
28.8602
29.0281
29.3361
28.6992
28.4041
28.4441
28.9328
28.8818
28.7184
28.6916
28.794
28.9772
28.425
29.0519
28.6466
28.4455
28.4909
28.4659
28.6347
28.9867
29.1253
28.8921
28.7471
28.8443
28.7091
28.9974
28.4699
28.9339
28.774
29.027
28.4922
29.1454
28.9145
28.839
28.7229
28.9907
28.7552
28.7525
28.7863
28.6954
28.9418
28.6552
29.1961
28.6897
28.5852
28.8226
28.7744
28.725
28.378
28.7838
28.9777
28.7932
28.8431
29.0272
28.3945
28.9843
28.8146
28.8725
28.7647
28.8122
28.8108
29.0024
28.5999
28.9193
28.5773
29.0277
28.7438
28.8575
28.7767
29.1321
28.817
28.8567
28.8253
29.051
28.7809
28.4455
28.735
29.0838
29.0684
28.5794
28.562
28.5516
28.7186
28.6513
28.8956
28.3136
29.0445
28.4781
28.8698
28.828
28.8424
28.8885
28.4662
28.3308
28.9012
28.9106
28.1882
28.8933
28.8967
28.7814
28.9268
28.926
28.7963
28.7511
28.7815
28.704
28.562
28.8539
28.8789
28.9008
28.3459
28.7032
29.2043
28.6509
28.7348
28.4788
28.8442
28.4957
28.4674
28.6391
28.8733
29.007
28.8291
28.4306
28.453
28.7333
28.2805
28.4858
28.6697
28.6848
28.4714
28.473
28.895
29.085
28.2245
28.7546
28.6774
28.4452
28.5465
28.4403
28.6727
29.0867
28.5764
28.668
28.6656
28.9845
28.8123
28.5508
28.6278
28.6314
28.8242
28.7207
28.5436
28.49
28.6911
28.3661
28.7158
29.0073
28.4045
28.4942
28.7888
28.6494
28.6111
28.8559
28.7096
29.0002
28.5851
28.7661
28.6391
28.9476
28.5614
28.9048
28.2174
28.7649
28.5011
28.7296
28.4866
28.7361
28.5585
28.4229
28.8011
28.9392
28.6433
28.8439
28.6095
28.2005
28.4062
29.5687
28.8094
28.9028
28.9416
29.279
28.8885
29.1003
28.8588
29.0378
28.953
29.1682
28.9944
28.9435
28.816
29.014
29.2215
28.8833
29.1674
29.0495
29.1623
29.2126
29.2002
29.0138
29.0141
28.9556
29.0444
29.1509
29.2601
29.0541
28.971
28.8596
28.8441
28.7794
28.933
29.4626
28.688
29.0377
29.2982
28.8454
29.0979
28.769
28.9884
29.0327
28.9685
29.0976
28.7599
28.9307
29.0077
28.7467
28.8932
28.8126
28.748
29.1077
29.0526
28.8732
28.5188
29.0506
28.963
29.1492
29.0723
28.9342
28.9824
28.6191
29.2832
29.1209
28.6959
28.944
28.8519
28.9226
28.5494
28.9491
29.109
28.8589
29.3471
29.2467
29.1096
28.8263
28.8264
28.9598
29.0752
28.6498
29.4097
29.2661
28.873
29.0354
28.9406
28.8539
28.8424
29.047
29.2266
28.845
28.8329
29.2791
29.2625
28.8501
29.0733
29.1866
29.4521
29.1918
28.8354
29.0339
28.8258
29.0328
28.7589
28.9695
28.8887
28.8774
29.0264
29.0655
28.8873
28.9748
28.9604
29.012
29.0465
28.8286
29.2911
28.9615
29.1193
29.0837
29.2008
28.7846
28.8429
28.6005
28.7396
28.8858
29.1739
28.9064
29.2789
29.193
29.2046
28.577
29.1675
29.2258
28.6178
28.8078
29.0191
28.8843
29.1306
29.0458
29.1572
28.5762
29.147
28.6962
28.884
29.1581
28.8841
28.9316
29.2426
28.8126
29.1095
29.2329
29.1614
28.8006
29.2724
28.9157
28.9529
29.1688
28.6139
28.8066
29.0718
28.9781
28.8822
29.3244
28.832
29.1964
28.5551
28.8582
29.1852
28.4343
28.8093
28.818
28.9876
28.8977
28.5643
29.2146
29.2741
28.341
28.6386
28.6288
28.6928
28.697
28.5374
28.5839
28.5443
28.5979
28.778
28.7026
28.8369
29.1719
28.7825
28.9233
28.7735
28.4872
29.044
28.5497
28.3628
28.6315
28.6396
28.9259
28.9873
28.9904
28.7694
28.6918
28.8498
29.0927
28.7096
28.814
28.9056
28.4179
28.7579
28.8062
28.8663
28.4502
28.6901
29.0077
28.6333
28.4965
28.7647
28.6861
28.6264
28.9167
28.4268
28.9514
28.3696
28.7599
28.2615
28.2052
28.6878
29.0623
28.5822
28.6658
28.6675
28.4335
28.8042
28.4967
28.7955
28.7259
28.4623
28.2391
28.9088
28.7384
28.6299
28.7605
28.9876
28.4435
28.5703
28.3487
28.6508
28.6406
28.7498
28.5552
28.8525
29.0181
28.8984
28.868
28.5992
28.6258
28.8608
28.6971
28.4592
29.2922
28.5219
28.7431
28.5577
28.7738
28.9783
28.8917
28.686
28.6792
28.6395
28.8294
28.736
28.975
28.5586
28.7909
28.4907
28.6378
28.5226
28.6095
28.4946
29.2254
28.8978
28.526
28.821
28.8375
28.7954
28.749
28.6634
28.7126
28.7097
28.5389
29.3069
29.0341
28.5673
28.9831
28.5716
28.6625
28.9533
28.6062
28.3023
28.5751
28.7797
28.6106
28.9762
28.9072
28.5544
28.6832
28.6652
28.5631
28.8288
28.9789
29.078
29.1864
28.9391
29.1821
29.1293
28.7319
28.8104
29.2625
28.9189
28.8127
28.9623
29.2309
29.0156
28.6822
29.1151
29.0503
29.3221
29.1697
28.9246
28.9899
29.1732
29.4857
29.0574
28.7554
29.0487
28.6441
29.2605
28.7569
29.2149
29.2385
28.9505
29.0183
29.1752
28.9853
28.8593
28.6195
28.8314
29.0377
28.7236
29.0696
28.9608
28.8452
29.2716
29.1006
28.9674
28.8003
28.8677
29.2731
28.6781
28.7254
28.8682
29.1948
29.1732
28.8643
29.0445
28.9458
28.7989
29.1397
29.1786
28.7039
29.1787
29.0588
29.3038
28.6497
28.8435
29.2688
28.8378
28.9878
28.8431
28.7348
28.9053
28.716
28.9792
29.4626
29.0955
29.1065
29.1995
29.1422
29.0037
28.9617
29.1546
28.7829
28.9358
28.8781
29.1993
29.2474
28.6488
29.3931
29.013
29.4982
29.6004
29.3598
29.2757
29.1288
29.0737
29.0308
29.3335
29.0353
29.1545
29.0213
29.344
29.061
29.1732
28.9512
29.3054
29.0922
29.0425
29.1981
29.4117
29.2184
29.1514
29.1203
28.9355
28.8365
28.9027
29.0265
29.235
28.8015
29.3017
28.8091
29.0721
28.8506
29.0344
29.3574
29.2463
29.3733
28.879
29.3602
28.9046
29.0556
28.5027
29.4797
29.1424
29.0189
29.2836
29.0223
28.9529
28.7291
29.183
28.5471
28.9628
28.963
29.064
29.1617
29.0932
29.0815
29.2011
29.1787
28.6887
28.5807
28.9212
28.572
28.7072
28.8788
29.2522
28.686
29.0047
28.8906
28.8668
28.7652
28.9856
28.8248
28.8831
29.0739
29.2092
28.8359
28.5213
28.5658
28.7884
28.8071
28.9561
28.5449
28.8059
28.6731
28.8717
28.8228
28.8953
29.0976
29.2543
28.7521
28.8743
28.7844
28.9526
29.1166
28.6809
28.5953
29.0504
28.6101
28.8767
29.0711
28.9469
28.8337
29.046
28.6585
28.977
29.2439
28.8948
28.4644
28.7871
28.7856
29.0653
28.9432
29.0835
28.9022
28.6479
29.142
28.3877
28.5023
28.8916
28.7003
28.752
28.4826
28.841
28.6086
28.7968
28.8956
28.6727
29.0712
28.5629
28.8805
28.8618
28.879
28.6837
28.9689
28.5547
28.4467
28.5545
28.3609
28.8505
28.7736
28.8622
28.6568
28.6985
28.4524
29.0053
29.0029
28.7446
28.989
28.3497
29.0366
28.9419
28.8255
28.4854
28.8324
28.7042
28.7956
28.4967
28.908
28.8395
28.6564
28.826
28.9416
28.6853
28.8582
29.1658
28.8862
29.1792
29.139
28.7293
28.9586
28.5637
28.7003
28.6874
29.1281
28.9078
28.6572
28.9024
28.3542
28.6538
28.6222
28.8503
28.6736
28.8462
28.8343
28.6892
29.1103
28.7804
29.0152
28.7736
28.55
28.6777
28.575
28.5734
28.8383
28.9606
28.6387
29.1079
28.8173
28.4597
29.2668
28.5616
28.74
28.8479
29.1546
28.9849
28.9916
28.5747
28.8824
28.9151
29.0937
29.2938
29.0133
29.1329
28.923
28.9972
29.0678
28.9613
29.0401
29.2592
28.8895
28.873
29.1119
29.1907
28.5053
29.1915
28.9785
29.3433
29.2594
29.1404
29.376
28.9319
28.9794
28.7744
28.9215
29.1905
29.137
28.8951
28.8222
29.3441
28.8128
28.8663
28.7957
29.1029
28.861
29.3852
28.8516
29.269
28.9219
29.0845
28.8275
29.264
29.4026
28.9254
28.8793
29.3018
29.1106
28.8805
28.6201
29.2971
28.908
29.288
28.7356
28.7895
28.8906
29.0729
28.9867
29.2092
29.3044
28.8719
29.0267
28.7039
28.6533
28.8817
29.0983
29.0572
28.7337
28.8076
29.3449
28.6405
29.3225
29.2288
28.8087
28.8118
29.0365
29.5031
29.4301
28.8161
28.9976
28.5081
28.6889
28.8394
28.7178
29.094
28.7655
28.6079
28.9507
28.7903
28.9502
29.0383
29.2886
29.2327
29.0216
28.87
28.7695
28.772
28.9312
28.8992
28.8711
28.9839
28.9272
28.5672
28.7319
28.8465
28.8073
29.1172
28.681
29.1095
28.5797
29.2896
29.058
29.0179
28.8705
29.3349
28.6732
28.9802
28.7188
29.3165
28.788
29.3126
28.5483
29.0898
28.9448
28.9686
28.6087
28.9904
29.4756
28.786
28.9999
29.3426
28.801
29.2926
28.8964
28.8017
28.5966
28.9784
28.6518
28.343
29.0507
28.4964
29.0639
29.1494
28.9776
29.3457
29.2466
28.9026
29.0337
29.1467
28.8363
28.9412
28.68
28.9474
29.0024
28.6761
28.8599
28.7152
28.7005
28.9161
28.9317
29.1509
28.8898
28.7663
29.0464
28.6974
28.92
28.7449
29.1972
29.0193
28.8519
28.8631
28.7465
29.203
29.3993
28.8256
29.0741
28.589
28.5995
28.5735
29.1483
29.0237
28.3793
29.1036
29.2875
28.8944
28.6798
28.7636
28.8135
28.9481
29.2142
28.9556
29.3011
28.7548
28.8936
28.9487
28.7601
29.3109
29.1225
29.0426
29.3072
28.5499
28.8037
28.5869
29.0135
28.618
28.8502
29.08
28.5833
28.7028
28.8685
28.7003
28.9012
28.6502
28.8851
29.143
28.681
29.1363
28.3322
28.6738
28.9363
28.6421
28.9029
28.9041
28.8719
28.5671
28.9704
28.2287
29.1685
29.0128
28.9985
28.8076
28.6452
28.5193
28.8829
28.9815
28.7615
28.7312
29.0926
28.5345
28.9203
28.5712
28.9098
28.724
28.5498
28.3753
28.6745
28.7056
28.856
28.8771
28.7794
28.6667
28.7797
29.0352
28.6045
28.766
28.8511
28.8851
29.0898
28.6556
29.0889
28.9285
29.1306
28.6381
28.9272
28.6822
28.6572
29.0759
29.0156
28.7098
28.7177
28.5064
28.3271
28.8993
29.0631
28.5001
28.8847
28.6965
28.6765
28.7924
28.4038
28.8146
28.8971
29.1263
28.4797
28.8401
28.6527
29.279
28.6841
28.9761
28.762
28.581
28.9035
28.8854
28.6561
28.5759
28.5696
28.7357
28.7734
28.9654
28.8679
28.8268
28.5572
28.6391
28.5758
28.7139
28.412
28.5273
29.0406
29.1536
28.765
29.0468
28.8359
28.3607
28.9307
28.9644
28.7591
28.6207
29.0117
28.6132
28.6154
28.9812
28.5541
28.6665
28.5745
28.6136
28.2648
28.7655
28.7004
28.9782
28.3754
28.7987
28.6802
28.8829
28.7694
28.8183
28.9575
28.8004
28.3226
29.0448
28.8764
28.7023
28.6511
28.9202
29.4698
28.6134
29.0834
29.1604
29.0023
29.4342
28.7949
29.1357
29.1391
28.8579
29.3665
29.001
28.9065
29.5944
28.7537
28.8265
28.938
29.6458
29.1894
28.7903
29.0981
28.8129
29.0126
29.156
28.9018
28.8979
29.2079
29.4153
28.7934
28.7923
29.3579
28.9006
29.1292
29.3538
28.9758
28.8268
29.037
28.8777
29.1647
28.9533
28.9231
28.9208
29.0486
28.97
29.0051
29.115
28.5349
29.1108
28.6983
28.9705
28.7875
28.6609
28.4114
28.7095
28.7314
28.7275
28.8383
28.993
28.8896
29.0374
28.9176
28.8718
28.6837
28.9158
28.5961
29.1252
28.6715
28.6981
28.3537
28.9658
28.9216
28.787
28.6837
28.5403
28.6589
28.8426
28.8055
28.6623
28.8685
28.5385
28.991
28.7239
29.0097
28.6619
28.8623
28.9952
29.0803
28.9028
28.7396
28.7043
28.8903
28.5591
29.0082
28.5573
28.9913
28.6506
28.7162
28.6991
29.0826
28.928
28.5564
28.893
28.6749
29.0295
28.6594
28.2072
28.9459
28.6256
28.8915
28.6205
28.8339
28.7775
29.1671
28.6105
28.8143
28.61
29.0501
28.359
28.6832
28.6968
28.6289
28.7323
29.0002
28.7183
28.8957
28.4943
28.9845
28.8148
29.1957
28.9638
29.1899
28.8745
28.7418
29.0363
29.009
29.0358
28.5536
28.9974
29.0275
28.6302
29.5215
28.568
29.059
28.7775
28.738
28.8226
28.8247
28.9649
28.8557
28.9658
28.8696
28.452
28.764
29.1744
28.846
29.181
29.2688
28.9486
28.8961
28.9858
28.7417
28.9253
29.4396
28.5639
29.0299
29.0278
29.0719
29.1192
29.1502
29.0762
29.1214
28.8123
28.6658
28.9248
29.2626
28.9027
29.0756
28.7192
29.0617
28.9549
28.9388
28.5931
28.869
28.7777
29.1873
29.2314
29.0855
28.4011
28.7386
28.6588
28.6985
28.904
28.8981
29.2895
29.1807
28.615
29.09
29.7159
28.7508
28.7225
29.0063
28.9093
28.641
28.7437
29.1288
28.762
28.746
28.9655
28.803
29.0493
28.8692
29.145
28.6372
29.2043
28.8236
28.951
28.7054
28.7262
28.8523
29.0295
28.7542
28.9061
28.9526
29.2799
29.1044
29.4702
28.8732
28.7246
29.2755
29.1741
29.2323
28.4446
29.1475
28.9156
28.6946
28.4049
29.0594
28.8328
28.7598
29.1457
28.3122
28.4885
28.8863
28.7945
28.5126
28.8
28.8787
28.7012
28.9554
29.3206
29.0135
29.2402
28.8595
28.7367
28.9494
28.8225
28.8583
28.8242
28.7018
28.7724
28.794
28.5745
29.1781
28.9653
29.2995
29.0709
29.1705
28.7826
28.9994
29.2356
28.55
29.0407
28.8406
28.9834
28.9311
29.0429
28.8795
28.8352
28.9019
28.9272
29.2019
28.9355
28.599
28.3559
28.8256
28.9876
28.9791
29.1134
28.5947
28.7993
28.6675
29.0602
28.9694
28.7964
29.156
28.6585
29.2498
29.0041
29.0683
28.9692
28.9338
28.7073
28.9075
28.7106
28.9924
28.5746
28.6048
28.8441
28.7712
28.9536
29.2189
28.634
29.149
28.884
28.7731
28.6346
28.526
28.703
29.3207
28.7567
29.2808
29.5722
29.1983
28.8846
28.6088
29.0332
28.5652
28.975
28.8449
28.9623
29.2106
28.9447
28.7819
29.2247
29.3849
29.4715
29.1379
28.5686
28.9656
28.7068
28.9063
28.9923
28.8243
29.0521
29.0907
29.3583
29.062
28.873
28.9863
28.6517
28.7201
28.9144
29.1136
29.3091
29.0423
29.0644
28.7249
28.9095
28.8314
28.7358
28.7061
28.6697
28.5698
29.0424
28.8126
28.6927
29.0808
28.4559
29.5645
29.0318
29.1907
29.0528
29.126
29.0264
29.3476
28.648
28.7755
29.4687
29.3519
29.1316
28.96
29.1116
28.8601
29.0282
28.791
28.8473
28.7048
29.0689
28.6841
28.3872
28.7624
28.5862
29.1677
28.9922
28.9835
28.8683
29.0934
28.8368
29.3726
29.1328
28.6435
28.7966
28.5233
28.7905
28.6791
28.7435
28.6922
28.8124
29.098
29.026
28.9858
28.9808
28.996
28.7519
28.9619
28.9266
28.6857
28.9208
28.8943
29.0371
29.0796
28.5043
29.0059
28.7894
28.9033
28.6389
28.9299
28.7433
28.978
28.6816
28.4882
29.0344
28.8176
28.8512
29.3263
28.3707
28.6322
29.2337
28.8153
28.8287
29.0016
28.5942
28.9506
29.1316
28.9509
28.9471
28.6429
28.9638
29.1466
28.6559
28.7365
28.5332
28.8809
28.6952
29.0566
28.7153
29.0916
28.6748
29.2771
28.5592
28.65
28.5677
28.6506
28.8835
29.2004
28.9262
29.1492
29.048
28.7606
28.8441
28.7762
29.2666
28.9175
28.9672
28.9504
29.091
29.0052
28.7521
28.9363
29.0372
29.0181
29.1146
28.9385
28.7421
28.94
28.8369
28.5967
28.6447
28.8843
29.3337
28.8638
29.2464
28.8605
29.1668
28.5127
28.6216
29.0455
28.5548
29.0422
28.798
29.1808
28.7958
29.2284
29.3723
29.2038
29.2066
29.1543
29.123
28.6325
29.1714
29.1041
28.6767
29.0405
29.2283
29.0584
29.3274
29.0594
28.7569
28.671
29.0192
29.1799
28.8847
29.1855
28.8861
28.8173
29.3794
28.9794
28.8011
28.653
29.2452
28.9056
29.0105
29.2635
29.2401
28.8967
29.1753
29.2464
29.0101
29.2827
29.514
28.9774
29.2186
29.0772
28.8626
28.7603
28.9999
29.0147
29.1113
28.9064
29.1049
29.1068
29.2431
28.777
28.837
28.8689
28.8349
28.9783
29.2345
28.841
28.6724
28.9884
29.0114
28.8284
29.0686
28.8955
28.8181
28.8339
28.6914
28.6392
28.9405
29.1217
29.0782
29.0676
28.9519
28.8215
28.9342
29.0865
29.0083
28.7597
29.0682
29.17
29.1601
28.9233
28.575
28.8709
28.9991
29.0438
29.3005
28.917
28.8736
28.9478
28.8663
28.7286
29.1665
28.9866
28.7642
29.062
28.7392
29.0736
29.163
28.8766
28.959
28.6308
28.7913
29.065
29.1482
29.0805
29.13
29.039
28.9281
28.868
28.8589
28.8715
28.7014
29.208
29.0406
28.8284
28.6678
29.2466
28.469
29.119
28.9485
28.999
28.6206
28.7129
28.6381
29.1082
28.6895
28.9318
28.8821
28.7315
28.8902
29.0341
28.9572
28.7852
29.2462
29.0583
29.0183
29.3486
29.1662
28.7872
29.0911
28.6884
28.883
28.9646
28.659
28.7788
28.7458
28.8752
29.0025
28.6309
28.936
29.0853
28.829
29.1975
28.5009
29.1797
28.539
29.1765
28.9821
29.11
28.9646
29.0951
28.5506
29.3495
28.8482
28.844
29.0352
28.9537
28.6919
28.737
29.0078
28.6958
28.5892
28.6682
28.779
29.113
29.0814
28.6872
28.6842
29.0033
28.8441
28.6372
28.9956
28.9487
28.6097
28.9332
29.0239
28.8347
28.4132
28.6455
28.9722
28.6301
28.8657
29.0295
28.326
28.9371
28.8261
29.0153
28.6704
28.9663
28.7254
28.5874
28.899
28.8529
28.7333
28.7201
29.0075
28.5553
29.0739
28.7285
28.9451
28.2822
28.6235
28.7784
28.5251
28.894
28.8171
28.6677
29.1177
29.0005
28.7506
28.5446
29.2316
28.8514
28.897
28.8172
28.8391
28.9355
28.9036
28.9281
28.9904
29.021
28.5579
28.9913
28.9169
28.7082
28.9708
29.1892
28.6108
28.5164
28.7
29.4147
28.6799
28.9014
28.6441
28.9411
28.9269
28.6447
28.5978
29.3202
29.0871
28.9139
28.7557
28.9655
29.3405
28.8529
28.8789
28.7673
28.6779
28.7028
29.1138
29.0139
29.2691
29.2278
29.0333
28.4497
28.3819
28.8623
28.62
29.0427
28.5933
28.4581
28.7678
28.7778
28.4934
28.7113
28.946
29.1378
28.6183
28.7895
28.668
29.2049
28.8994
28.9722
28.9475
28.8014
28.8311
29.1139
28.7999
29.3139
28.8205
28.9028
28.9944
29.0742
28.8604
28.4219
28.9755
28.6361
29.0009
29.0247
28.8344
28.8718
28.8112
29.0415
29.2691
28.7392
29.2877
29.0178
28.623
28.8546
29.2561
28.8208
28.8426
28.6974
28.6771
28.7494
28.6575
28.9747
28.8554
28.5186
28.5494
28.9325
28.818
28.6472
29.1919
28.8423
28.7912
28.6648
28.7551
29.2718
28.5996
28.8902
28.8406
28.7736
28.8794
28.8268
28.8043
29.0596
28.9063
29.1451
29.1416
28.8374
28.804
28.9752
29.1426
29.0425
28.8846
29.3713
29.1215
29.1296
29.1509
28.8485
29.0871
29.1456
29.013
29.0887
28.9525
29.4012
29.063
28.9718
29.0738
28.6394
29.1418
28.6816
28.9626
28.9305
28.8701
28.7699
29.0671
28.4941
28.6059
28.9597
28.814
29.0642
29.0391
28.8439
29.1541
28.9241
28.8008
28.9546
28.7955
29.0725
28.9933
29.0491
28.6472
28.9162
28.9968
29.1735
29.1543
28.9024
29.114
29.2182
28.7347
28.8515
28.9227
29.0651
28.904
28.973
28.8371
28.8812
29.4174
28.6242
29.1159
28.7381
28.7283
29.0492
29.0969
29.0301
28.9466
28.9913
29.0144
28.6806
28.9603
29.182
28.7164
29.2678
29.0319
28.5649
29.0877
29.1784
28.8943
28.798
29.2219
28.8339
28.5117
28.7375
29.2486
28.5725
29.0219
28.5705
28.8165
28.7236
28.9157
28.7205
28.8986
28.996
29.0709
28.7132
29.1548
28.6616
28.7897
28.5573
28.5902
29.2422
28.9283
28.9013
28.7283
28.8308
28.4047
28.8353
29.043
28.9927
29.0321
28.8772
28.6886
28.8468
28.6272
29.0483
29.0868
28.7594
28.9787
28.6961
28.9139
28.9172
29.0188
28.9688
29.3787
28.7279
29.0901
29.0786
28.5817
28.7429
29.2665
28.7041
28.5717
28.8533
29.0682
28.6756
29.1542
28.7313
28.3826
28.5831
28.94
28.5867
28.9144
29.5253
29.0583
29.0286
28.9633
29.088
29.033
28.9116
29.0989
28.693
28.9305
29.0984
28.796
28.7324
28.8267
28.6559
28.8666
29.1869
28.6269
28.8864
28.572
29.0412
28.9422
28.666
29.0538
28.781
28.9566
29.1976
28.6452
28.8794
28.6646
28.9884
28.9488
29.1871
28.7346
28.8065
28.692
28.8339
28.8149
28.5108
29.0094
29.0201
28.6704
28.8831
28.5825
28.6585
29.076
28.7054
28.7461
28.8294
28.7751
28.8766
28.5271
29.213
28.8171
28.9808
28.8995
28.4724
28.6144
29.0067
28.5634
28.7938
29.0195
28.4376
28.8498
28.9955
28.5601
28.5308
29.0281
28.532
28.6826
28.9738
28.8846
28.5854
28.7465
28.4812
28.9177
28.9588
28.4745
28.6797
28.8496
28.6131
28.6136
28.9921
28.4097
29.0853
28.4426
28.561
28.7129
28.9794
28.231
28.7794
28.4414
28.1914
28.8551
28.8108
28.8521
28.9602
28.8245
28.7079
29.2437
28.3958
28.6686
28.5091
28.7744
29.1021
29.3374
28.8409
28.9904
29.0631
29.0225
28.5773
29.2282
29.0497
28.9538
29.0111
28.9264
28.9906
28.7495
28.8551
28.6979
28.7373
28.5214
29.1378
28.8143
28.756
29.0822
28.7855
29.1112
29.0054
28.6654
28.7603
28.8019
28.448
28.7901
29.0297
28.6755
28.8021
29.2453
29.0425
28.534
28.4277
29.0002
29.3021
28.5651
28.8975
28.8275
29.0994
28.6864
28.4972
28.9553
28.7597
28.9144
28.8185
28.9678
28.9982
28.8422
28.839
28.7705
28.7894
28.8058
28.7967
28.8611
29.108
28.7442
28.9489
29.1145
29.3109
29.1751
28.9414
29.0182
28.6126
28.5462
28.6582
28.8632
28.8219
28.9509
28.7424
28.9239
28.8151
28.5561
28.7763
28.9504
28.5901
28.7688
28.7608
28.7041
28.6727
28.8992
28.6536
29.4966
29.243
28.9016
29.0703
28.893
28.9367
29.1487
29.0048
28.8373
28.9645
28.5163
29.2764
29.1494
29.332
28.5831
28.8899
28.5287
29.0451
29.2312
28.8005
29.1559
29.0816
28.9817
29.0648
28.7719
29.1174
28.9221
28.781
29.1252
28.7081
28.898
28.869
28.6994
29.0814
28.7267
28.7458
28.8999
28.6395
28.8735
29.1546
28.6265
28.6449
28.7227
29.0082
29.1418
29.0787
28.642
28.8526
28.907
29.0002
28.9654
28.7491
28.799
28.9494
29.1003
29.2
28.8377
29.0643
29.2082
28.6696
29.0388
28.9767
28.9702
29.3457
28.8904
28.8305
28.8345
29.1601
29.2774
29.2514
29.0998
29.1189
28.7173
29.1728
28.8662
28.8883
28.8282
29.0814
29.0298
29.4435
28.8824
29.1831
28.4645
28.8788
29.0862
29.0907
29.0825
29.005
29.3637
29.0255
29.0498
29.1935
28.5719
29.17
29.3035
29.2557
29.209
29.0541
29.1123
28.8518
29.2663
28.9092
29.0492
28.798
29.0971
29.1096
28.9201
29.1211
28.8448
28.6809
28.6856
28.8874
29.0249
28.3587
29.0886
28.8707
28.5831
29.2236
28.9493
28.9785
28.5196
28.8619
28.453
28.7277
28.8429
29.1273
28.7299
28.5422
28.6993
29.0984
29.056
28.628
29.0575
29.2134
28.6982
29.1299
28.7063
28.8925
28.8805
28.9761
28.962
29.0071
29.3039
28.8647
28.8567
29.1286
28.7345
28.8646
28.8015
28.8086
28.4471
28.5477
28.9542
29.1213
29.1518
28.8991
28.8701
28.8723
29.4501
28.7528
28.9454
29.1111
29.0612
28.8063
28.7013
28.7039
29.1064
28.7677
29.082
28.8304
29.0742
28.9371
29.2577
29.0713
28.9894
28.9937
29.0399
29.1469
29.2204
28.6065
28.6837
28.6461
29.1897
28.8423
29.0555
28.8648
29.2034
28.7225
29.0827
29.7031
28.8827
28.7654
29.0278
28.9406
28.8757
28.9082
28.947
29.1434
28.9815
28.8578
29.129
28.9233
28.5805
28.9753
28.7888
28.6212
28.8379
29.4094
29.1038
28.7666
28.866
28.689
29.0117
28.8765
28.9703
28.614
28.8379
28.9522
28.953
28.7663
28.8498
29.2857
28.5344
29.1839
28.7404
28.4236
28.6784
28.8737
29.0501
28.886
29.1114
28.7125
28.7136
28.3694
28.7721
28.7677
28.5275
28.7487
28.9447
28.7243
28.6423
28.4407
28.4489
28.7995
29.0313
28.6424
28.9435
28.6913
29.0538
28.8733
28.6218
29.0038
29.0743
29.1689
28.8016
29.0285
28.8351
28.8059
29.0245
28.4268
28.868
28.9416
29.1406
29.2321
28.7757
29.0401
28.5705
29.0242
28.9783
28.9278
29.0525
29.0599
28.6687
29.3473
29.4141
28.9255
28.9213
28.4748
29.0531
28.7559
28.6901
28.1524
28.9686
28.766
28.711
28.9209
28.9525
28.7482
29.2377
28.812
29.0568
29.0093
28.9384
29.1809
29.3919
28.8616
28.8978
29.3235
29.099
29.1432
28.9377
28.6916
28.787
28.9285
28.7323
28.6533
28.597
29.0463
28.8816
28.6856
28.8619
28.6515
28.3657
28.8415
28.9805
28.2344
28.5748
28.9919
28.6766
28.7359
28.8369
28.5149
28.7386
29.1125
29.134
29.0719
28.6986
28.8331
28.7243
28.8655
28.954
28.9491
28.9037
28.6418
29.1516
29.4046
28.99
29.3833
28.7598
28.9546
29.0176
28.6913
29.01
28.6304
28.9879
28.6347
28.7204
28.5557
28.8406
28.7549
28.6398
28.826
28.6204
28.9759
29.2472
28.7432
28.7636
28.7616
28.8643
28.5363
28.8173
29.1615
28.594
28.5653
29.1214
28.6582
28.7451
29.2284
29.2436
29.1001
29.0607
28.609
29.1653
29.0909
29.0289
28.6088
29.0207
28.763
29.5093
28.9733
29.1293
29.5042
28.3996
28.723
29.0419
28.7259
28.6301
29.0449
28.0724
28.9273
28.9028
29.0858
29.0347
29.1419
28.8939
28.6737
29.1893
29.4393
28.9238
28.7774
28.593
28.9363
29.1274
28.5347
28.6798
28.9452
29.0219
29.2104
29.215
28.736
28.9837
29.1764
28.8999
29.1139
29.3854
29.2026
28.9267
29.0661
28.9587
28.702
29.2228
29.2687
29.3813
28.4312
28.7844
29.0958
29.1196
28.8848
28.9061
28.6845
28.6378
29.4149
29.3979
28.9524
29.1268
28.9409
29.068
28.807
29.0073
28.9005
28.8396
29.0761
29.0396
28.8793
28.6843
29.0192
28.7783
29.1022
28.9921
29.2293
28.6675
28.7674
28.4442
28.8768
29.1056
28.4136
28.9673
28.815
28.6961
29.0086
28.5331
28.8094
28.3097
28.9361
28.6169
28.9863
28.909
28.8789
29.0782
28.7927
28.5209
29.0796
28.8351
29.1002
28.7225
29.1435
28.8455
28.9417
28.3345
29.1678
29.0056
28.5635
28.8096
28.5575
29.0201
28.6862
28.7918
28.8652
28.2787
28.8634
28.5433
29.0599
29.1681
28.8126
28.6027
28.7287
28.4727
28.9318
28.4862
28.9686
28.1924
28.4261
28.3265
28.4722
28.299
28.8364
28.9552
29.4811
28.525
28.7429
28.7203
29.2452
29.0709
29.1153
28.9673
29.0166
28.9844
29.0538
28.7297
28.9127
28.7857
29.1146
28.8707
28.7878
28.951
28.9312
28.6984
28.8434
28.672
28.6096
28.8113
28.7286
28.9227
28.9115
28.6185
28.8927
29.0703
29.1006
28.8264
29.1304
28.8424
28.7792
28.9841
28.7468
28.6268
28.7516
28.9244
29.2061
28.8172
28.8308
28.8219
28.8226
29.0199
28.7728
28.9217
28.5376
28.8478
28.7626
28.9229
28.946
28.5777
28.5897
28.9362
28.7729
28.5044
28.5111
28.5111
29.1108
29.1088
28.8746
29.1546
28.8295
28.9386
29.0823
29.1887
29.2066
28.972
28.9178
29.1277
28.6139
29.106
28.8973
28.9876
28.7653
29.1059
29.1545
28.7355
28.4091
29.0888
29.0524
28.8331
28.8725
29.203
28.6661
28.8911
28.98
28.9029
28.7365
29.3389
28.9061
28.7095
29.0035
29.079
29.3763
29.1276
28.9527
29.09
28.6968
29.0407
29.1972
29.2001
29.2259
28.54
28.9711
28.8377
29.0971
28.7853
28.9366
28.9743
29.0486
29.1529
29.0161
29.358
29.0638
28.9742
28.7161
29.3948
28.6548
28.7856
28.7119
28.9462
28.7511
28.6674
28.9107
28.653
28.9534
28.7553
29.0717
28.7951
28.8565
28.8684
29.1409
28.8928
28.4035
28.4672
28.89
28.6799
28.575
28.5269
28.9961
29.1543
28.8499
28.5702
28.4951
28.856
29.0286
29.1101
29.0923
28.4938
29.1002
28.7813
28.4574
28.5159
28.6699
28.7443
28.6774
29.0775
28.6444
28.7714
28.5333
28.6389
28.7683
28.3822
28.8638
28.7308
28.7595
28.9158
28.5833
29.1027
28.7048
28.7253
28.9568
28.9258
28.8701
28.7994
29.1836
28.8542
29.1328
29.1164
29.1558
29.086
28.7144
28.728
28.8019
28.7711
28.945
28.7738
28.7084
28.9419
28.8793
28.4957
28.6666
28.7525
29.1281
29.2794
28.9437
28.7768
28.6974
28.7511
29.0579
28.9387
28.82
29.0679
28.8448
29.1817
28.8413
28.7936
28.9832
28.585
29.1278
29.0979
28.7634
28.6914
28.6285
28.6659
28.9523
29.188
29.1078
28.535
28.9568
28.4688
28.4467
28.9751
29.1423
29.0305
29.3295
28.9177
28.828
28.8889
29.4574
28.6696
28.9681
28.5335
28.8857
28.9086
29.1643
28.8478
29.0193
28.961
29.0677
29.0512
29.145
28.6927
28.6467
28.6859
28.778
29.1864
28.8777
28.7044
28.7367
28.3652
29.0136
28.831
28.43
29.1558
28.9732
29.1564
29.3165
28.9653
28.633
28.769
28.9224
29.0555
28.5996
28.6095
28.7334
28.7905
28.6287
28.9986
28.6125
28.9655
29.1992
28.9973
28.9601
29.0745
28.8834
28.794
28.783
29.2348
29.0432
29.1291
28.7971
28.6561
28.4205
28.3719
29.153
29.184
28.52
29.1326
29.0462
28.9076
28.8613
28.9427
28.8206
28.6571
28.7334
28.5492
28.64
28.7275
28.5266
28.8634
29.0993
28.5644
29.1614
28.912
28.7273
29.2587
29.0337
28.7459
28.7858
28.5385
28.9624
28.8492
28.996
29.0291
28.6435
28.7387
28.8701
28.4976
29.3791
28.6892
28.9656
28.9954
28.942
28.5686
28.5881
28.5469
29.2088
28.7519
29.0521
28.6944
28.9447
28.4779
28.5899
28.9235
28.5146
28.7295
28.8601
28.4204
28.9781
28.68
28.1997
28.2855
28.8613
28.9919
28.6882
29.1001
28.6948
28.3868
28.2246
28.2451
28.932
28.4601
28.946
29.109
28.5455
28.8618
29.1608
28.8203
28.5637
28.9241
28.8087
28.373
28.911
29.1466
28.463
28.6602
28.6822
28.7153
28.8829
28.9544
29.2319
28.7432
29.1852
28.943
28.4857
28.7737
28.9085
28.3495
28.2948
29.2305
28.8289
28.885
28.7312
28.5446
28.4722
28.7695
28.9535
28.6659
28.3695
28.8727
28.5444
28.325
28.6336
28.5848
28.772
28.7845
29.05
28.7643
28.8834
28.4266
28.634
28.7438
28.9959
28.6426
28.8973
29.0389
28.7404
28.7024
28.8295
28.8695
29.0414
29.2436
28.9393
29.1847
28.4811
28.6661
29.0839
28.7455
28.6477
28.4862
28.3783
28.1349
28.8927
28.8348
28.8083
28.8075
28.7586
28.3517
28.9959
28.6698
28.5784
28.913
28.5735
28.7084
28.871
29.2522
28.7053
28.8726
29.0762
28.9834
28.8206
28.7413
28.7896
29.02
28.8534
28.9267
28.8455
28.7693
29.1513
28.9572
28.7919
29.3498
29.2419
28.6106
28.4774
29.3139
28.7603
28.8404
28.7067
29.0546
29.2087
28.6571
28.7229
28.7513
28.8619
28.5507
28.76
28.7797
28.4023
28.4481
28.9303
28.9278
28.9722
28.9614
28.3915
28.9044
28.7991
28.6924
28.3367
29.0086
28.748
28.9773
28.5708
28.6653
28.584
28.923
28.2374
28.5573
28.6707
28.6215
28.8429
28.6492
28.5951
28.6393
29.0051
28.7714
28.6669
29.3217
28.6714
28.8073
28.7024
28.9693
28.966
28.8355
28.8526
28.6209
28.9063
28.7846
29.0046
28.9949
29.0587
29.2775
28.9594
28.3179
29.0936
28.769
28.8088
28.8885
29.1278
28.307
28.7881
28.6392
