17.9968
17.7484
17.7223
18.1489
17.9103
18.2697
17.9077
18.3058
18.1634
17.9852
18.001
17.8384
17.9452
18.0922
18.5447
17.9715
18.1454
18.5686
17.9171
18.1547
18.2697
17.97
17.88
18.2512
18.0835
17.9613
18.1281
17.8547
18.2144
17.9762
18.1311
18.1383
18.1747
18.5592
18.147
18.1412
17.4957
17.9559
18.2238
18.3678
18.0845
18.3896
18.5555
18.0502
17.6467
18.2194
18.1579
18.3265
18.1897
18.0047
17.9905
18.1372
18.1602
18.4567
17.8012
18.2934
18.1379
17.8837
18.0859
18.1587
17.8606
18.0735
18.487
18.412
17.9781
18.207
18.0767
18.0006
18.3434
18.4133
18.268
18.1281
18.3887
18.1022
18.1087
18.1827
18.3356
18.2587
18.058
17.961
17.8286
17.945
18.0495
18.2403
18.086
17.8276
18.1599
18.1989
17.9371
17.9965
18.4313
18.262
17.7712
18.2584
18.3678
18.0576
18.3098
18.0974
18.1742
17.4764
18.2668
17.7049
18.0922
17.9943
17.9465
18.2793
18.1498
17.6613
17.9389
18.1439
17.9975
17.9422
18.6627
18.5926
17.7504
17.6398
18.2959
18.1656
18.2233
17.9399
18.1898
18.1547
18.0718
18.4318
18.0442
17.9108
17.777
18.1036
17.905
17.5857
17.8996
18.2565
18.2138
17.9548
18.0982
18.263
18.4973
18.4553
17.8947
17.9488
17.989
18.5968
17.3866
18.0195
18.2318
18.1151
17.9845
18.0285
18.1907
18.0983
18.0868
18.0882
18.0479
18.1415
18.3564
17.9463
17.878
17.8639
18.4122
17.8058
17.953
17.7641
18.3038
18.0291
17.6866
18.523
18.0278
18.1451
17.8394
17.9464
17.8592
18.3252
17.9406
18.3893
17.9461
18.5335
18.337
18.0761
18.2408
18.1675
18.0929
17.8165
17.7105
18.1193
18.1522
18.0502
18.287
17.7493
17.9006
18.4231
17.7457
18.4462
17.9573
17.9669
18.1917
17.932
17.8222
17.9185
18.1849
17.8065
18.0793
18.4678
17.9517
18.2137
18.035
17.6657
18.0907
18.0819
17.9899
17.8311
17.8418
17.8703
18.1736
17.9789
17.6452
17.773
17.748
17.8354
17.7898
18.4384
17.9698
17.9745
18.1044
18.02
17.8662
18.3304
17.989
18.3258
18.1081
18.2428
17.7629
18.2232
17.9659
18.1853
18.6618
18.2485
17.7216
18.0401
18.3524
17.929
18.1657
17.945
17.8427
18.1178
18.1984
17.9079
18.3502
17.6642
17.939
17.7714
18.1571
18.1941
18.461
18.1533
18.0752
18.0973
17.8307
17.9588
17.7884
18.2405
18.0492
18.2051
17.9874
17.707
18.3404
18.3312
18.0736
18.1494
18.6495
18.2643
17.7827
18.3182
17.8109
17.7959
18.1036
18.0652
17.8918
17.8704
17.8608
18.0764
17.9376
18.0261
18.0488
18.3547
17.8857
18.0887
18.1942
17.8076
17.9889
17.9579
17.7705
18.0711
18.188
17.5449
18.3478
18.3446
18.3211
18.4559
18.2773
18.3976
18.063
18.2864
18.496
18.3805
18.2551
18.2912
18.2041
18.4259
18.4062
18.564
18.2957
18.1944
18.4209
18.0146
18.2208
18.2383
18.1194
18.4638
18.0748
18.4101
17.7431
18.4383
18.2946
18.4356
18.281
18.5898
18.2535
18.2938
17.9592
18.1532
18.4929
18.0801
18.4275
18.1238
18.0945
17.8829
18.2802
18.3681
18.2823
18.8622
18.2878
18.1297
18.3221
18.1678
18.3135
17.9571
18.1197
18.4087
18.269
18.3744
18.1936
18.3003
18.1582
18.0583
18.0645
18.0988
18.46
18.5125
18.2956
18.4378
18.5822
18.1398
18.3405
18.2294
18.3542
18.9255
18.4875
18.446
18.6109
18.3331
18.3338
18.3021
18.5172
18.4276
18.3619
18.2444
18.4428
18.1876
18.2711
18.393
18.2832
18.1747
18.3562
18.1996
18.3631
18.1708
18.5243
18.728
18.7231
18.1675
17.8324
18.0132
17.8849
18.4461
18.0255
17.8908
18.2709
17.8617
18.3735
18.0266
17.8153
18.054
18.3148
17.7431
18.2204
17.8552
17.8517
17.8834
17.7774
18.1671
18.3498
18.0614
17.9175
17.8494
18.2172
17.9818
17.9878
17.779
18.0165
17.8452
18.3513
17.6945
17.9875
17.9573
18.1005
17.8724
18.399
18.1836
18.2525
18.226
17.8889
17.9603
18.284
17.5677
18.1551
17.9158
17.6452
18.0994
18.3439
17.9118
18.1488
18.4907
18.2023
17.8301
17.3481
18.2585
18.0614
18.2748
17.8958
17.9432
18.1429
18.3639
17.8876
18.1169
17.7432
18.1784
18.4852
17.9749
17.8114
18.164
17.9634
18.1858
18.3731
18.0705
17.7444
17.9736
18.1804
18.4082
18.2161
18.0508
17.784
18.2249
18.4764
18.3252
18.097
18.0939
18.0694
18.193
17.7066
17.9771
17.877
17.8552
18.2669
18.2815
18.4131
18.2538
18.4164
18.1445
18.3398
18.3729
18.2023
18.0846
17.9746
18.1482
18.3053
18.1142
18.2319
18.4437
18.3756
18.1911
18.0215
17.8043
17.9969
17.9365
18.3465
18.2736
18.2178
17.9344
17.8486
18.3152
18.4642
17.8467
17.6098
18.3405
18.1312
18.4101
17.976
18.503
18.0317
18.6536
18.3981
18.2559
17.7921
17.8349
17.7741
18.1285
17.9914
18.182
18.2718
18.3547
17.9499
18.0556
18.1321
18.1976
17.6822
17.9574
18.2753
18.2654
18.0962
18.1175
18.0923
17.949
18.1606
17.9706
18.1837
18.1765
18.0644
18.1596
17.8605
18.1069
18.1796
18.1862
18.1636
18.1726
18.4542
17.9755
18.4221
18.2212
17.9404
17.8044
18.009
18.5597
18.4257
18.3513
18.2205
18.3267
17.9804
18.3024
17.3995
18.025
18.5188
18.5612
18.1709
18.0045
18.1103
17.7725
18.3454
18.0237
18.4908
17.9447
18.0794
18.0618
18.262
18.2814
17.9612
17.7807
18.1538
17.9586
18.2113
18.1549
18.4891
18.3398
18.0523
18.284
18.1402
18.0587
17.9337
18.2353
18.2333
18.2067
18.4139
18.2726
18.0734
18.386
18.1523
18.0938
18.4193
17.8965
18.42
18.0052
18.2926
18.2494
18.5186
18.5824
18.3374
18.1154
18.1497
17.9644
18.1803
18.6616
17.7609
18.3032
18.3688
18.1435
17.828
18.1891
18.2406
17.796
18.4982
18.316
18.0638
18.1417
18.0874
18.2609
18.0102
18.0865
18.1568
18.2143
18.1311
18.2609
18.0634
17.8072
18.4238
18.0827
18.346
18.2418
17.8574
18.1488
18.1996
18.3514
18.0285
18.1025
18.3681
17.9566
17.9111
18.0884
17.9333
18.3852
17.9278
18.467
18.0684
18.1267
18.2036
18.3386
18.4357
17.7032
18.1539
17.7259
18.0252
18.2248
18.0798
17.8874
19.0181
18.2562
18.0198
18.0003
18.0163
18.0085
18.4284
18.4486
18.4527
18.0242
18.5315
18.3187
18.176
18.4292
18.2323
17.91
18.4364
18.6586
18.334
18.2309
18.4247
18.2052
18.0148
18.1721
18.4146
17.9979
18.7208
18.6196
18.4819
18.0666
17.8432
18.2253
18.2828
18.2586
18.2781
18.0792
18.5195
18.1366
18.0294
18.0368
18.3559
18.6285
18.2481
18.2758
18.0549
18.7384
18.1627
18.5982
18.394
18.1485
18.3931
18.2364
18.8183
18.5211
18.3116
18.0299
18.2418
18.3953
18.4685
18.5072
18.6793
17.9521
18.0988
18.0017
18.5073
18.6528
18.3667
18.2059
18.1356
18.4718
18.0824
18.1877
18.0624
18.5373
17.7942
18.1923
17.9423
17.9858
18.0082
18.2709
18.4353
18.1391
18.4262
18.0225
18.1011
18.0747
18.4345
18.2083
17.7463
18.4849
18.1435
18.4855
18.4344
18.2651
18.2211
18.2852
18.3629
18.2514
18.5404
18.133
18.1309
18.6423
18.2345
18.4378
18.3161
17.9214
18.2573
18.582
18.3923
18.3295
18.1875
18.6213
18.2554
18.6437
17.7994
18.555
18.0197
17.8349
18.2839
18.185
18.1335
17.9998
18.5969
18.4993
18.2564
18.4792
18.401
18.4144
17.9259
18.2251
18.3386
18.161
18.1909
18.4588
18.4176
18.1099
18.3054
18.636
17.9073
18.2671
18.3816
18.5276
18.4067
18.2922
17.9688
18.0591
18.4539
18.1031
18.3824
18.4346
18.5093
18.3763
18.1729
18.5708
17.84
18.0666
18.4501
17.8617
18.3528
18.108
18.5064
18.1536
18.1969
18.6159
18.5233
18.4631
18.2135
17.9867
18.376
18.2296
18.4335
18.3478
18.4418
18.3719
18.3119
18.018
18.1857
18.3147
18.2318
18.0229
18.053
18.6946
18.0158
18.3455
18.2996
18.6211
18.3584
18.5043
18.6358
18.3063
18.4713
18.7485
18.5618
18.4346
17.7942
18.6434
18.4504
18.6041
18.4117
18.1882
18.6388
18.6211
18.5433
18.2581
18.0215
18.394
18.224
18.6654
18.6074
18.325
17.977
18.3626
18.0695
18.539
18.4371
18.5141
18.2743
18.4322
18.1101
18.2004
18.413
18.6367
18.5685
18.3581
18.0921
18.3946
18.4164
18.1822
18.2528
18.7268
18.3958
18.0983
18.0862
18.6853
18.5393
18.1999
18.2805
18.1307
18.7946
18.3169
18.5211
18.3812
18.129
18.5403
18.545
18.8651
18.6456
18.2588
18.5729
18.3394
18.6244
18.621
18.3615
18.2559
18.1404
18.6851
18.6686
18.3006
18.558
18.3763
18.7017
18.357
18.096
18.543
18.0759
18.5264
18.3449
18.5298
18.247
18.153
18.5697
18.3111
18.5646
17.9483
18.1141
17.9302
17.8402
18.0702
18.2728
18.328
18.263
18.2512
18.1737
18.0526
18.2323
17.9992
18.0904
18.3094
17.8737
17.9978
18.0666
18.1458
18.1775
18.1142
18.3124
18.3764
18.2999
18.0854
18.1754
18.1042
17.8143
18.3059
18.408
18.1605
18.5041
18.1356
18.7175
17.9727
18.334
18.5629
18.1676
18.4445
18.3807
18.0035
18.4168
18.3323
17.9399
17.8631
18.4258
18.5314
18.2238
17.9156
18.4317
18.3584
18.6689
18.2968
17.7283
18.0759
18.3235
18.1272
18.2197
18.1431
18.1214
17.8099
18.1141
18.0459
18.3351
18.2591
17.9568
18.3782
18.426
18.29
18.2116
18.3522
18.2849
18.2122
17.9875
17.9152
18.2531
18.1179
18.3071
18.3217
17.7477
17.9999
18.3559
18.0015
17.8052
18.1175
18.1554
18.2782
18.2744
18.1477
18.3095
17.9695
18.2166
18.3651
18.2093
18.1799
18.1963
17.8977
18.1578
18.3555
18.1439
18.1424
18.259
18.2319
18.4298
18.0499
18.6315
18.2119
18.4149
17.9892
18.2987
18.0595
18.0785
18.1568
18.2781
18.2116
18.0919
18.1385
18.584
18.43
18.3771
17.8292
18.301
17.7511
18.0213
18.0665
18.0671
18.2426
18.3551
17.8891
18.2818
18.1912
18.2528
17.8405
18.424
18.3618
18.1437
18.169
18.7021
18.0258
18.1528
17.948
17.8149
18.0883
18.4517
18.2893
18.4385
18.1825
18.2372
18.4004
18.252
18.2441
18.3484
18.2297
17.9145
17.9685
18.2023
17.935
18.3706
18.0402
18.2433
17.7932
17.7971
18.1648
18.1991
18.2768
18.1331
18.2383
18.4795
18.2074
18.3345
18.4632
18.1057
18.119
17.9952
17.7966
18.1185
18.3549
18.237
18.4236
18.6789
18.2507
18.2726
18.2574
18.4302
18.2113
18.0661
18.1939
18.0247
18.1675
18.4604
18.1812
18.4616
18.5175
18.4578
18.4439
18.2684
18.2428
18.2002
18.4716
18.455
18.5165
18.4532
18.2928
18.3031
18.2425
18.3652
18.3977
18.2291
18.2046
17.9976
18.1615
18.3439
18.4873
18.4754
18.324
18.213
18.3372
17.9576
18.4126
18.1372
18.2498
18.5621
18.1488
18.2085
19.0138
18.3002
18.2467
18.5691
17.9216
18.0815
18.3525
18.1475
18.5776
18.2997
18.222
18.0393
18.3139
17.993
18.0967
18.2587
18.0318
18.0311
18.2052
18.1683
18.0842
18.0244
18.2609
18.4834
18.0574
18.3471
17.9432
18.3115
17.9862
18.6953
18.1287
18.1119
18.3523
17.9343
18.3402
18.4354
18.3456
18.6618
18.1328
18.2131
17.9858
18.5051
17.9232
17.9768
18.6262
18.1005
18.0421
18.4685
18.0128
18.3103
18.0206
17.7586
18.0134
17.9864
18.7685
18.5553
18.0547
18.176
18.3631
18.0463
18.3381
18.6123
18.5278
18.3673
18.2606
18.2301
18.293
17.7378
18.1545
18.1373
18.2632
18.2888
17.9061
18.0123
18.1224
18.2326
17.9677
18.3031
17.6283
18.3607
18.2779
18.0264
18.099
18.0055
18.3794
18.5952
18.0223
18.3087
17.707
18.0096
18.2382
18.0298
17.9711
18.1159
18.1452
18.4551
18.1138
18.2943
18.2521
18.7053
18.2679
18.3698
18.2167
18.2635
18.3186
18.1651
18.0597
18.3626
18.4127
18.0755
17.6285
18.3754
17.9833
17.8629
18.2454
18.1286
18.0986
18.2386
18.1591
17.9564
17.9463
18.5987
18.2601
17.8623
18.1894
18.2668
18.5716
18.6121
18.1225
18.0365
18.1354
18.0285
18.537
17.9837
18.0399
18.2901
18.3274
18.2092
18.0431
18.3539
17.8507
18.0385
18.1446
18.0675
18.0477
18.4168
18.3308
18.1661
17.8891
17.7706
18.5023
18.2323
18.3972
18.1119
18.1267
18.1799
17.9566
17.9598
18.2288
17.7541
18.1402
18.1239
17.9061
18.3374
17.9389
18.2401
18.27
17.9573
18.3532
18.1367
18.0407
18.2553
18.3288
18.0146
18.3658
18.4794
18.0265
18.1356
17.9847
17.9557
18.376
18.3808
18.137
18.201
18.1362
18.2015
17.8643
17.7403
17.9803
18.3893
18.1493
18.3944
18.2527
18.1394
17.7535
18.263
18.3811
18.2742
18.197
18.1164
18.1662
18.0766
18.6218
18.5208
18.0279
18.5716
18.0732
18.151
18.2221
18.1307
18.2362
18.4921
18.365
18.5992
18.0726
18.4248
18.4577
18.1512
18.4759
18.258
18.5156
18.3188
18.5529
18.4484
18.3278
17.9271
18.1597
18.356
18.4347
18.3692
18.5407
18.4501
18.5041
18.5947
18.4318
18.6233
18.6336
18.3216
18.3238
18.5154
17.7928
18.4532
18.2315
18.3709
18.4029
18.2445
18.4323
18.7483
18.3532
18.3442
18.2121
18.5269
18.4698
18.438
18.176
18.4985
18.5602
18.5173
18.531
18.4388
18.5285
18.2881
18.6399
18.3667
18.3049
18.4278
18.3323
18.4653
18.4507
18.5708
18.257
18.3663
18.7055
18.5224
18.0139
18.5674
18.2374
18.695
18.8042
18.4476
18.3856
18.1897
18.2701
18.3154
18.4585
18.3398
18.5708
18.2218
18.31
18.3582
18.3896
18.4411
17.8836
18.1997
18.3062
18.0257
18.501
18.1504
18.1618
18.2306
18.171
18.2539
18.1519
18.3442
18.3262
18.1856
18.5198
18.3767
18.3794
18.0471
18.2043
17.9149
18.643
18.1504
18.1551
17.8606
18.1061
18.4032
18.3108
17.9694
18.3405
18.442
18.5181
18.5085
18.1145
18.5083
17.9649
18.5263
18.6409
18.6202
18.3086
18.3428
18.0609
18.3094
18.4315
18.0645
18.6483
18.2051
18.6735
18.0307
18.1998
18.0612
18.0999
17.9435
18.108
18.1366
18.0055
18.3436
18.0019
18.3794
17.9324
18.5107
18.5598
18.2562
18.3436
18.3087
18.2956
18.1962
18.7173
18.3255
18.181
18.5766
17.8442
18.2576
18.1132
18.4628
18.1957
18.405
18.3026
18.4771
18.1792
18.0125
18.292
17.6851
18.3825
18.2334
18.602
18.0373
18.3665
18.3691
18.1757
18.2369
18.2036
18.2259
17.8724
18.0962
18.0281
18.0789
18.4748
18.1871
18.2894
17.9809
18.1678
17.9775
18.3773
18.4101
18.2644
18.0985
17.9199
18.5483
18.6677
18.3503
18.0916
18.2094
18.3785
18.0564
18.0337
17.8859
18.2052
18.3767
18.2449
18.3969
18.0722
17.8544
18.3764
18.0544
18.2874
18.055
17.9549
18.3591
18.26
18.2576
17.8023
17.9682
18.4409
18.0821
18.5467
18.6269
18.3119
18.221
18.1212
18.3448
18.5776
18.3157
18.6084
18.3063
18.287
18.3601
18.2975
18.2939
18.3997
18.6415
18.1957
18.4023
18.0212
18.0287
18.2877
18.312
18.4148
18.1786
17.9425
18.4133
18.0716
18.1624
18.132
18.587
18.3364
18.1601
17.8817
18.6874
18.3452
18.2463
18.2492
18.2963
18.4962
18.5339
18.4187
18.1609
18.1815
18.5017
18.2758
18.3571
18.4685
18.2337
18.2676
18.5146
18.2619
18.2614
18.4507
18.2172
18.2117
18.6392
18.4882
18.2946
18.397
18.3547
18.1817
17.8932
18.5936
18.4741
18.7096
18.4046
18.3225
18.3343
18.3713
18.2278
18.36
18.2575
18.7446
18.4923
18.2175
18.3951
18.1554
18.2833
18.1895
18.3607
18.3364
18.3178
18.1939
18.4828
18.3016
18.4239
18.3877
18.1847
18.3738
18.5171
17.877
18.2926
18.2607
18.2473
18.2735
18.6301
18.037
18.4454
18.2986
18.1777
18.0661
18.2221
18.622
18.2196
18.2314
18.1296
18.1964
18.582
18.3028
18.5677
18.1082
18.2602
18.3465
18.0694
18.1301
18.0452
18.2691
17.8303
18.3561
18.0393
18.393
18.4864
18.1831
18.2724
18.5073
18.0255
18.4943
18.3574
18.2061
18.3091
18.214
18.4707
18.0835
18.2092
18.2123
18.2286
18.3116
18.1176
18.2193
18.4238
17.7988
18.4022
18.3937
18.1711
18.4065
18.0055
18.3367
18.2895
18.1646
18.1971
18.4555
18.5732
18.133
18.2638
18.6095
18.1733
18.4141
18.2316
18.3005
17.679
18.2758
18.143
18.4864
17.9386
18.1995
18.5106
18.0997
18.2279
18.3077
18.2187
18.419
17.9265
18.5132
18.3823
18.0809
18.2242
18.5159
18.5775
18.2303
17.7907
18.5249
17.7638
18.0599
18.2833
18.2911
18.1309
18.113
18.3098
18.1977
18.3649
18.2532
18.0323
17.9504
18.1049
17.8277
18.0383
18.3268
17.7767
18.5353
18.1806
17.9078
18.3311
18.1895
18.233
18.0667
18.4166
18.5532
18.1192
18.3335
18.517
18.2964
18.3288
18.3249
18.111
18.2965
18.2165
18.3424
18.1122
17.8965
17.8222
18.4149
18.6123
18.5903
18.0025
18.1575
18.2633
18.0998
18.3969
17.9337
17.7424
18.0397
18.2583
17.9823
18.0348
18.0882
18.2376
18.4933
18.1763
18.2317
18.4318
18.1878
18.2933
18.3126
18.1785
18.4774
18.48
18.6901
18.6698
18.3016
18.2303
17.8883
18.2731
18.1475
18.1896
18.6781
18.2189
18.1048
18.4499
18.0572
18.0744
18.1699
18.5388
17.825
18.182
18.198
18.351
18.157
18.0943
18.0667
18.1339
17.8324
18.2369
18.119
18.3592
18.3343
17.9076
18.3556
18.193
18.3087
17.8952
18.4738
17.9792
18.2281
18.1532
18.4884
18.267
18.4716
18.3838
18.3658
18.0786
18.3705
17.9299
18.2519
18.259
18.2279
18.0914
18.6227
17.953
18.2089
18.0018
17.7085
18.3925
18.3925
18.1211
18.0628
18.0819
17.9141
17.9305
18.2261
18.0417
18.5154
18.2844
18.1018
18.4633
18.2166
18.3656
17.8573
18.2619
18.1548
18.3048
18.3001
18.1206
18.2844
18.189
18.269
18.4623
18.2477
18.2881
18.1127
18.4339
17.9512
17.9834
18.0191
18.1367
18.0878
18.3523
18.1929
18.2442
18.2848
18.1722
18.4819
18.0226
17.9981
18.4035
18.2134
17.9829
18.0769
18.0495
18.088
18.3794
18.0008
18.3416
17.8492
17.8086
18.0788
18.0245
18.2399
17.8937
18.0808
18.2931
18.0048
18.189
17.8877
18.4034
18.2689
18.0414
18.3192
17.9243
18.2927
18.1632
17.9954
17.9899
17.7313
18.1204
17.9749
18.0373
18.0086
18.0241
18.3277
18.0949
18.212
17.6881
18.0905
18.0295
18.1228
18.3365
18.4903
18.5024
17.8739
18.1091
17.6446
17.7848
18.0841
17.9622
18.2128
18.5304
17.991
18.2502
17.8707
18.1179
17.9676
17.9767
18.0183
17.9243
18.4446
18.0505
18.4369
18.0989
18.5188
17.8291
18.4451
17.8605
18.6213
18.0902
18.03
17.9956
17.8147
18.1082
18.2358
17.8977
18.4681
18.229
17.8148
18.3961
17.9573
17.8529
18.1989
18.0714
17.8865
18.1133
18.112
18.1071
17.9109
18.4814
18.34
17.7859
18.0036
17.9546
18.0821
18.1449
18.3738
18.0499
17.9775
17.678
18.3079
18.3731
18.1169
17.8482
18.1735
18.2464
17.8505
18.4636
18.1136
18.3093
18.1193
17.9957
18.1375
17.9811
18.1059
18.0996
18.2131
18.3467
18.2038
18.3109
18.1953
18.5637
18.1295
17.9903
18.2761
18.13
17.8609
17.8892
18.095
18.1464
17.8756
18.0829
18.5289
18.0142
18.3716
18.2483
18.2559
18.1419
18.464
18.1519
18.0324
18.1295
18.5269
18.0686
18.3782
18.0122
18.488
18.4165
18.3772
18.3341
18.106
17.978
17.9134
17.9227
18.0853
17.9411
18.0457
18.0347
17.9983
18.3577
18.281
18.2049
17.9282
18.1846
18.3176
18.0908
18.2159
18.4485
18.0448
18.0662
18.5431
18.4372
18.4263
17.7952
18.3194
18.4956
18.6793
18.1035
18.0726
17.8131
18.3424
17.7855
17.7803
17.9014
17.8389
18.0645
18.4218
17.8801
17.9797
17.9691
18.3493
17.8877
18.1432
18.4352
18.1763
18.6605
18.2589
18.2592
18.1644
18.1067
18.1009
18.2818
18.2683
18.2073
17.9696
17.96
18.4673
18.2009
18.4489
18.3823
18.2046
18.1037
18.3873
18.5228
18.3403
18.052
17.9436
18.0091
18.1997
18.4938
17.9366
18.0109
17.8093
17.9667
17.9279
18.3948
17.8856
17.9592
18.6943
17.881
18.4312
18.0703
18.3069
18.4549
18.6124
18.1934
18.1461
17.9319
18.4302
18.013
18.1192
17.9604
18.4007
18.1364
18.5205
18.5377
18.3041
18.6745
18.2225
18.5066
18.1616
18.3621
18.2845
18.5758
18.4211
18.4741
18.2118
18.4036
18.1306
18.5909
18.2314
18.3402
18.3559
18.1665
18.3713
18.3516
18.271
18.0679
18.0976
18.3766
18.5332
18.2541
18.2927
18.3954
18.2936
18.0818
18.6176
18.3318
18.3598
18.2248
18.3825
18.1388
18.3983
18.3717
18.2261
18.2556
18.1938
18.2837
18.6037
18.8113
18.5437
18.1351
18.1809
18.3827
18.2945
18.6072
18.3704
18.2457
18.4173
18.3867
18.3933
18.561
18.7884
18.1654
18.163
17.9909
18.2653
18.385
18.3522
18.2417
18.183
17.9496
18.0258
18.2747
18.4284
17.8385
18.3598
18.3252
18.3413
17.7299
18.4262
18.3376
18.1404
18.6109
18.0597
18.4938
18.0703
18.2129
17.6095
18.0486
18.3061
18.3794
18.3291
18.4373
17.8977
18.2895
18.3955
18.1095
17.6578
18.142
18.1073
18.5456
18.3264
17.9366
17.7613
18.2045
18.1713
18.1989
18.5609
18.4634
17.9724
18.464
17.8945
18.1432
18.2741
18.718
17.9557
18.1904
18.5881
18.0735
18.1161
18.016
17.7725
18.4407
18.4405
18.06
18.4167
18.1589
18.2836
18.3711
18.186
18.0003
18.4001
18.0379
18.2032
18.1598
18.3507
18.2763
18.4021
18.3083
17.867
18.4447
18.3028
18.2402
18.2686
18.0545
17.8796
18.3302
18.2985
18.2741
18.1213
18.3225
17.9742
17.9485
18.2285
18.5304
18.322
18.2445
18.1753
18.6906
17.9563
17.6786
18.1771
17.9328
18.4147
18.3542
18.0923
18.1504
18.1054
18.3944
18.7941
18.4148
18.5395
18.2916
18.2928
18.3547
18.1561
18.0341
18.2724
18.3051
18.4225
18.3714
18.4213
18.2699
18.0214
18.031
18.0278
17.8319
18.3401
18.106
18.2738
18.0206
18.2455
18.1782
17.8986
18.5353
18.0386
18.0068
18.3922
17.5579
17.9035
18.1351
18.1208
18.2187
18.4572
17.9158
18.5375
18.274
18.0767
18.0827
17.8953
18.0883
18.0648
18.4085
18.587
18.2337
18.3348
18.1931
18.1981
18.2811
18.0766
18.2757
18.2966
18.4877
18.0894
18.1772
18.166
18.4782
18.568
18.2685
17.9614
17.9496
18.1548
18.2103
18.4138
18.3225
18.4874
18.1238
18.403
18.2464
18.0542
18.1039
18.1751
18.0009
18.1734
18.0756
18.0522
18.3776
17.9675
18.2954
18.1846
18.5305
17.9647
18.0554
18.2987
18.1263
17.8881
18.1172
18.0165
18.7345
18.1514
18.2494
18.1612
17.9541
18.9293
18.3066
18.2852
18.3793
18.3513
18.1686
18.3454
18.5588
18.1241
18.3758
18.2111
17.9131
18.2389
18.3405
18.12
18.2409
18.4737
18.2792
18.4031
18.2692
18.3325
18.4776
18.5153
18.3512
18.2036
17.9245
18.5561
18.8207
18.14
18.58
18.3615
18.458
18.5539
18.1289
18.1592
18.2095
18.4675
17.9929
18.3649
18.4547
18.0236
18.4117
18.5062
17.6755
18.4073
18.1471
17.9884
17.9961
18.0821
18.2111
18.1831
18.2192
18.195
18.29
18.0353
18.5088
18.2903
18.6637
18.3481
18.4458
18.6783
18.4045
18.3272
18.295
18.2144
18.3729
18.1728
18.6477
18.0797
18.4837
18.3198
18.13
18.1805
18.4798
18.4112
18.524
18.212
18.421
18.2264
18.3827
18.2599
17.7303
18.4488
18.1447
18.6221
17.9008
18.0709
18.0787
18.0855
18.2109
18.2947
18.4672
17.9957
18.605
18.3816
18.1988
18.3085
17.939
18.3493
18.3361
18.3582
18.0478
18.2137
18.3406
18.1389
18.2862
17.9337
17.6721
18.2391
18.2081
18.2452
18.4124
18.3133
18.0626
18.1551
18.1883
18.2056
18.192
17.9236
18.1301
18.0912
18.4119
17.8016
17.9274
18.3233
17.9949
18.0544
18.267
18.2209
17.5621
18.0546
18.1486
18.248
18.2622
18.3685
18.4633
18.3064
17.8212
18.3442
18.6343
18.0892
17.7305
18.2368
18.2673
18.2239
18.0234
17.9949
18.1004
18.0586
18.2002
18.2033
17.9101
18.2555
18.4093
18.0093
18.2068
17.9921
18.2676
18.2635
18.1473
18.2839
18.0669
17.8831
18.2367
18.1398
17.9069
18.0817
17.7616
18.1038
18.5207
18.2767
18.1713
17.9859
18.1929
17.9122
18.0989
18.0495
18.1651
18.3855
18.4774
18.3918
18.2963
18.1807
18.0233
18.1553
18.1569
18.453
18.1407
18.3764
18.3106
18.2541
18.1758
18.1329
18.0178
18.2507
17.8398
17.9449
18.0113
18.1003
18.0929
18.1221
18.0187
18.1583
18.4214
18.4056
18.0576
18.3641
18.5647
18.1918
18.4517
18.3118
18.4531
18.2258
18.2572
18.5461
17.9329
18.0954
18.1506
18.1993
18.0892
18.1612
18.3164
17.6975
18.1392
18.2516
17.7716
18.6027
18.3917
18.2028
18.1549
18.2463
18.1962
18.1406
18.3969
18.2577
18.1932
18.2797
18.012
18.1894
18.1241
18.4367
17.9645
18.0803
18.2722
18.1374
18.4417
18.102
18.1118
18.6556
17.8665
18.3128
18.1808
18.5425
18.5014
18.4636
18.1588
18.6475
18.077
18.3642
17.9943
18.0693
18.0243
18.7217
17.7899
18.3779
18.3567
18.1383
18.422
18.263
18.4401
18.3383
18.2302
18.0644
18.0452
18.6138
18.0316
18.7821
17.8604
18.0436
18.3571
18.2844
18.058
18.2694
18.3431
18.5174
18.2499
18.1794
18.0054
18.408
18.3692
18.485
18.1038
18.1884
18.1884
18.2709
18.5283
18.1984
18.2812
18.3386
17.8791
18.2029
18.128
18.0848
18.4994
18.3473
17.6738
18.2798
18.0014
18.2802
18.4231
17.9193
18.3385
18.0182
18.0327
17.8868
18.095
17.7643
17.8262
18.2348
17.8368
18.1883
17.8952
18.0702
18.2226
18.0916
18.2897
17.9768
18.2494
18.0597
18.2423
18.2144
17.8488
18.0783
18.1268
17.985
18.1932
18.2763
17.7517
18.0816
18.098
18.3514
18.3519
18.2243
18.4852
18.1902
18.4013
17.9953
18.3508
18.3306
17.9962
17.7916
18.4478
18.3335
18.2415
18.2622
17.8481
18.3987
18.036
18.133
18.5803
18.0984
18.0632
18.5603
18.0231
18.1143
18.2018
18.3387
18.9403
18.5142
18.4022
18.2166
18.4612
18.4047
17.9858
18.3006
18.4656
18.6032
18.4161
18.2166
18.3548
18.6523
18.2507
18.312
18.3843
18.3185
18.3422
18.2579
18.3919
18.1162
17.8832
18.5242
18.1999
18.4729
18.2657
18.5464
18.1554
18.5242
18.5292
18.4221
18.3708
18.3785
18.1103
18.4538
18.2534
18.7845
18.2164
17.7803
18.3022
18.8186
18.2522
18.5125
18.4418
18.1829
18.2319
18.5278
18.6234
18.0863
17.9151
18.4015
17.7509
18.484
18.7765
18.3044
18.1689
18.6168
18.2687
18.4093
18.3687
18.4458
18.1329
18.3111
18.5291
18.0229
18.0187
18.4205
18.111
17.9312
18.5522
18.236
18.1067
18.1118
18.3836
18.1302
18.0989
18.3771
18.5331
18.1318
18.5685
18.6302
18.269
18.6859
18.6556
18.1992
18.0029
18.3106
18.171
18.4305
18.3
18.1218
18.6892
18.1585
18.0684
18.4254
18.5978
18.1526
18.4873
18.255
18.4089
18.2014
18.1745
18.3108
18.7007
18.2936
18.5155
18.0122
18.2017
18.2299
18.4049
18.0708
18.1523
18.1471
18.3124
18.1973
18.5652
18.096
18.0382
18.3134
18.1225
18.6078
18.3315
18.4257
18.0788
17.8331
18.8488
18.6224
18.1971
18.2285
18.1171
18.4391
18.1947
18.0957
18.4389
18.302
18.0305
18.5854
18.0387
18.5237
18.4736
18.5008
17.8981
18.212
18.5439
18.0898
18.1132
18.3198
18.4893
17.9605
18.3937
18.3897
18.0323
18.5871
18.4788
18.013
18.0082
18.4887
18.4521
18.3186
18.4716
18.1683
18.2961
18.3155
18.2632
18.098
18.488
18.4715
18.4296
18.0508
18.7299
18.3422
18.315
18.298
18.0253
18.2159
18.5874
17.9642
18.2876
18.4106
18.44
18.0635
18.2532
18.2668
17.9511
18.6207
18.3497
18.011
18.1804
18.2248
18.0676
18.4024
18.1425
18.108
18.2475
18.1459
18.1044
17.893
18.2418
18.4894
17.9203
17.8279
18.1825
18.0311
18.1149
17.919
17.9544
18.2724
18.3349
18.2541
18.3427
18.2861
18.1602
18.2262
18.3503
18.388
18.6515
17.9335
18.1275
18.4592
18.3571
18.4751
18.1666
18.2079
18.1754
18.498
18.5513
18.2667
18.2002
18.705
18.4089
17.9825
18.3628
18.1958
17.9395
18.0341
18.3241
18.2931
18.3373
17.9643
18.2772
18.4098
18.0948
18.1885
18.2618
18.049
18.4034
18.1205
18.1215
18.4013
18.024
18.4007
18.5735
18.3639
18.5185
18.0284
18.2219
18.1411
18.0329
18.2323
18.0388
17.7352
18.1245
18.1533
17.6436
17.9991
18.2166
18.2049
18.533
17.8976
18.5706
18.2663
17.8224
17.8745
18.3043
18.0694
18.057
18.0365
18.2174
18.112
18.2419
18.2178
17.6907
18.2971
18.2183
18.4713
17.8833
18.1498
18.0867
17.9524
18.4365
18.4048
18.2102
18.2373
18.1042
18.4134
18.0373
17.9607
18.2856
18.0544
17.904
18.5372
18.2605
18.1843
18.2393
18.013
17.6929
18.3518
18.2853
18.2437
18.2375
18.0454
18.3999
17.9121
18.4111
18.3033
18.1982
18.4018
18.4751
18.5077
18.1901
18.5848
18.2024
18.4465
17.7879
18.2072
18.4289
18.3739
18.2526
18.818
18.4598
18.3502
18.2608
17.9713
18.1451
18.6847
18.3324
18.3527
18.5598
18.244
18.2853
18.3926
18.3455
18.3035
18.3777
18.7123
18.3117
18.6113
18.5065
18.2884
18.3346
18.4174
18.3598
18.2971
18.1545
18.3516
18.0889
18.5217
18.301
18.3347
17.7659
18.2865
18.0849
17.821
18.0702
18.0834
18.0005
18.345
18.7573
18.2036
18.8728
18.424
18.3441
18.3956
18.3947
18.4386
18.5418
18.3207
18.7943
18.5671
18.484
18.5994
18.6047
18.3437
18.5082
18.5806
18.2622
19.0186
18.4167
18.8481
18.6685
18.3638
18.393
18.8434
18.4449
18.494
18.4228
17.9526
18.5773
18.2876
18.4902
18.6339
18.301
18.7749
18.6877
18.3472
18.0526
18.4015
18.4105
18.7297
18.676
18.4348
18.6936
18.3324
18.2982
18.5422
18.9744
18.8844
18.2756
18.6077
18.5794
18.3571
18.2083
18.221
18.3491
18.0684
18.4691
18.3573
18.5465
18.2855
18.2721
18.0729
18.177
18.4364
18.544
18.4175
18.457
18.1003
18.3158
18.271
18.3954
18.0711
18.142
18.3067
18.2502
18.6633
18.4947
18.1654
18.2608
18.2926
18.1737
18.087
18.2428
18.1438
18.1846
18.4775
18.3722
18.5481
18.2037
18.3439
18.1817
18.0712
18.4857
18.54
18.3232
18.3264
17.9899
18.7476
18.7712
18.6121
18.5537
18.2333
18.3174
18.2204
18.3079
18.4116
18.751
18.3558
18.1448
18.344
17.871
18.5533
18.4649
18.1011
18.7209
18.4782
18.1232
18.1391
18.2394
18.2272
18.3689
18.2079
18.4399
18.1327
18.4064
18.3181
18.0312
18.2523
17.7381
18.3345
18.4487
18.0827
18.1433
18.5389
18.2281
18.3046
18.3381
18.2525
18.0805
18.4535
18.0932
18.6403
18.4063
18.3482
18.4657
18.3759
18.3728
18.4551
18.3864
18.7455
18.3679
18.3922
18.4299
18.2093
18.2681
18.3318
18.1706
18.3628
17.724
18.3788
17.79
17.9998
18.5047
17.775
18.6413
18.0324
18.4533
18.0541
18.7048
18.3485
18.0098
18.3235
18.1775
18.2319
18.395
18.1076
17.8608
18.3813
18.1639
18.2581
18.303
18.3819
18.274
18.3201
17.9778
18.2493
18.4619
18.3382
18.6209
18.3984
18.5012
18.2434
18.4026
18.1347
18.1401
18.2904
18.4752
18.368
18.5156
18.0073
17.9802
18.1482
18.4462
18.0079
18.1872
18.0435
18.1267
18.1959
17.8994
17.9825
18.32
18.0787
17.9708
18.2976
17.813
18.4227
17.755
18.1767
18.2473
18.1071
17.6719
18.0929
18.4539
17.9785
18.652
18.4864
18.0633
18.2254
18.1652
18.1106
18.0148
18.3048
18.4379
18.4846
18.5072
18.3447
18.2447
17.9884
18.3811
18.3606
18.0677
18.3484
18.5825
17.9209
18.7066
18.3475
18.0355
18.2827
18.4927
18.2936
18.5671
18.1204
18.1017
18.0917
18.4684
18.4845
18.1797
18.3545
18.6279
18.3996
18.2715
18.3034
18.2564
18.7618
18.1119
18.5448
17.7531
18.3894
18.6102
18.2785
18.5945
18.3019
17.9705
18.442
17.9685
18.5395
18.1974
18.2705
18.1741
18.1817
18.6265
18.1529
18.5613
18.3509
18.0803
17.3939
18.3913
17.9887
17.8929
18.2613
18.1248
18.304
18.0925
18.1404
17.962
18.3597
18.2909
18.0855
18.33
17.8142
17.7893
18.1427
18.1121
18.0531
18.1092
17.8962
17.8162
17.9702
17.6164
17.7878
17.573
18.1575
17.6304
17.8734
18.1406
17.7546
17.8112
17.9628
17.7516
17.8384
17.9994
18.0911
18.058
17.8148
17.8064
18.1841
17.692
18.0474
18.1283
17.8055
18.3096
18.2254
18.3161
18.4472
17.8614
17.8118
18.1881
17.8128
17.9935
18.0147
18.3142
18.5128
18.2153
18.3504
18.0446
18.007
18.2669
18.1739
18.2318
18.9211
18.2848
18.4366
18.3897
18.1385
18.2367
18.0632
17.8973
18.1256
18.23
18.3812
17.7338
18.1697
18.0359
18.1344
17.8177
18.0457
18.4164
17.9262
18.1435
17.962
18.5938
18.0533
18.2042
18.1833
18.0996
18.3823
18.2105
18.065
18.2102
18.0332
18.2573
17.8136
17.7012
18.1078
18.4063
18.2472
18.46
17.9737
18.0499
17.9186
18.3142
18.1848
18.4997
18.3775
18.4327
18.21
18.4426
18.4845
17.6452
18.205
17.861
18.519
18.6223
18.5227
18.6428
18.2222
18.2838
18.3747
18.6415
18.4182
18.4079
18.3765
18.3753
18.0398
18.4386
18.331
18.711
18.6459
18.3947
18.64
18.4087
18.6821
18.1375
18.643
17.9262
18.2231
18.2743
18.5853
18.2727
18.2981
18.2929
18.0326
18.3194
18.0778
17.8691
18.4664
18.1919
18.3182
18.2816
18.0159
18.0323
17.6974
18.3134
18.3359
18.1919
18.3472
18.1804
17.9354
18.3461
18.0578
18.3455
18.4813
18.0928
18.3622
18.2851
18.5876
18.0259
17.9056
18.2948
18.1245
17.6864
18.1236
18.201
17.9891
18.0119
18.2643
18.2508
17.979
18.2574
18.1476
18.0142
18.121
18.7605
18.1032
18.4899
18.516
17.9557
18.3678
18.129
17.9592
18.2371
18.1843
18.1785
18.3144
17.9622
18.2585
18.4836
18.4479
17.8598
18.1335
18.0276
18.062
18.5647
18.3333
17.859
18.3504
18.0212
18.4834
18.5485
18.2814
18.1978
17.8936
18.3592
18.3456
18.5076
18.3154
18.299
18.1293
18.2534
18.2001
18.2903
18.4387
18.3478
18.3281
18.6169
18.1202
18.2915
17.7904
18.363
18.6822
18.0996
18.2961
18.3537
18.7547
18.114
18.484
18.4494
18.4729
18.5431
17.8762
18.4975
17.9161
18.3472
18.2992
18.3504
18.3902
18.5898
18.5351
18.4434
18.1973
18.8626
18.435
18.1229
18.5584
18.2946
17.9904
18.4354
18.5918
18.1255
18.38
18.088
18.2735
18.2952
18.2303
18.2501
18.3656
17.8378
18.1731
18.1359
18.2518
18.0844
18.2236
18.2799
18.5
18.5286
18.4355
18.2315
18.5416
18.359
18.5026
18.1231
18.2785
18.1237
17.9644
18.483
18.3032
18.4502
18.376
18.4414
18.1445
18.5728
18.6254
17.9698
18.2761
18.052
18.1285
18.6858
18.3586
18.2328
18.3057
18.2506
18.0957
18.007
18.616
18.38
18.1911
18.0469
17.8232
18.0443
18.1931
18.4503
17.8395
18.2084
18.4009
17.9277
17.978
18.2247
18.2572
18.4031
18.1136
18.3329
18.4183
18.2193
18.2042
18.099
18.307
17.9658
18.5667
17.7313
18.2965
18.0815
18.087
18.4924
17.7571
18.0349
18.4023
18.2675
18.1445
18.48
18.0067
18.121
18.5332
18.204
18.2091
18.205
18.2312
18.1584
18.0431
17.9072
18.1401
18.1905
18.0213
18.4768
18.1797
17.9005
18.3772
18.0346
18.3642
18.6992
18.2845
18.0901
18.2793
17.9285
18.1704
18.3732
18.3639
18.5753
17.9264
18.2399
18.1802
18.235
18.2618
18.4036
17.9609
18.2988
18.282
18.2449
17.8703
18.3132
18.3947
18.6269
18.4141
18.6893
17.9662
18.1188
18.0418
17.7718
18.1016
17.8092
17.9781
18.7523
18.5024
18.3282
18.2268
18.1163
18.5915
18.5942
18.6568
18.2736
18.1575
18.0852
18.0193
18.2759
18.3159
18.1888
18.0857
18.1242
18.4352
18.3375
18.1058
18.0378
17.9107
18.3758
18.1202
18.1811
18.7518
18.4237
18.6175
18.5536
18.3611
18.057
18.2501
18.398
18.6265
18.2842
18.3155
18.2771
18.5351
18.5833
18.5861
18.1429
18.1164
17.8495
18.2493
18.282
18.023
18.2912
18.6259
17.9169
18.2605
18.2899
17.9062
18.2119
18.3458
18.8574
18.093
18.4115
18.0089
18.3685
18.1516
18.347
17.815
18.0051
18.1052
17.8134
18.3545
17.9243
18.408
18.28
18.463
18.2998
18.003
18.0769
18.3251
18.3222
18.2847
17.8501
18.4268
18.0241
17.9118
18.1365
18.4349
18.1715
18.1735
18.126
18.0351
18.3453
18.1631
17.914
18.1324
18.2124
18.3178
18.1798
17.9786
18.1289
18.0478
18.0544
18.1665
18.3692
17.9787
18.2413
18.3947
18.4431
18.2227
18.0244
18.525
18.1811
18.153
18.2798
18.0771
17.9322
17.9089
18.1921
18.0009
18.2295
18.3611
17.8685
18.4091
17.6142
18.2119
17.8955
18.0823
18.1008
18.0238
18.3597
18.2766
18.0495
17.9503
18.1013
17.926
18.2511
18.1514
18.1939
18.2272
17.929
18.0877
17.8575
18.2775
17.9626
17.8962
18.361
18.0431
18.2579
18.2936
18.7227
18.479
18.4934
18.3459
18.1327
18.3752
18.2335
18.3877
18.2486
18.5362
18.3744
18.0859
18.5491
18.475
18.3763
18.3674
18.4511
18.6203
18.2664
18.3777
18.3767
18.1832
18.3957
18.3057
18.5859
18.7406
18.7345
18.5254
18.384
18.4881
18.443
18.435
18.444
18.0286
18.7726
18.608
18.4299
18.4943
18.5638
18.7103
18.2346
18.4961
18.2686
18.5579
18.3823
18.4323
18.2085
17.8088
18.4651
18.0102
18.4264
18.1224
18.4989
18.1414
18.248
17.9505
18.2061
18.0567
18.8086
18.1019
18.3828
17.9966
18.5004
18.6378
18.4157
18.2859
18.2397
17.9334
18.6611
18.1247
18.5083
18.2759
18.099
18.0533
17.8781
18.2664
18.4442
18.0657
18.1308
18.0235
18.2384
18.1101
18.1002
18.2337
18.2537
18.4658
18.4812
18.2458
18.5234
18.1261
18.1888
18.5387
18.1429
18.4106
18.3422
18.1186
18.1193
18.4942
18.4007
18.3429
18.3757
18.3751
18.2603
18.0911
18.6415
17.9526
17.975
18.2773
18.3396
18.2142
18.4469
18.2493
18.3339
18.5508
18.1693
18.612
18.1861
18.1345
18.5885
18.2926
18.2958
18.2457
18.0583
18.4183
18.4325
17.9953
18.4413
18.2997
18.4723
18.2153
17.8416
18.3207
18.3737
18.2497
18.475
18.4631
18.447
18.3212
18.3327
18.682
18.4225
18.3933
17.7228
18.4921
18.2376
18.176
18.4669
18.4426
18.4661
18.6289
18.1925
18.1395
18.21
18.3394
18.4906
18.3121
18.1851
17.905
18.1757
17.9473
18.7148
18.5039
17.8859
18.0646
18.2234
18.3739
18.1571
18.4206
18.5511
17.8529
18.4022
18.482
18.6065
18.3763
18.1746
18.2663
18.2693
18.2811
18.0041
18.1763
18.6603
18.3374
18.3642
18.6141
18.2381
18.3717
18.6089
18.3834
18.4611
18.4575
18.5397
18.2958
18.3454
18.2503
18.4182
18.0714
18.3694
18.5359
18.325
18.1914
18.1795
18.1526
18.3575
18.553
18.2791
18.2735
18.1614
18.1128
18.0017
18.4266
18.2829
18.0263
18.0308
18.4139
18.4737
18.3676
18.3138
18.2094
18.366
18.0804
18.4972
18.1841
18.2075
17.9873
18.3761
18.3439
18.1627
18.1081
18.4966
17.8119
18.1251
18.4787
18.2355
18.1229
18.2882
18.5769
18.0266
18.3219
18.0944
18.0909
18.1712
18.7669
17.8396
18.403
18.2731
18.259
18.4782
18.6442
18.3562
18.0534
18.0894
18.095
18.1719
18.4527
18.2993
18.1685
18.0555
18.3194
18.6395
18.08
18.5149
18.3238
18.2932
18.0007
18.1351
18.4354
17.9272
18.0444
18.1776
18.0411
18.0315
18.3113
18.4703
17.9301
18.1308
18.2716
18.2256
18.0843
17.5989
18.2786
17.8339
17.9268
18.3339
18.0922
18.5049
18.0888
18.349
18.1783
18.236
18.5083
18.3311
18.0632
18.0102
18.279
18.3262
18.1649
18.4653
18.4926
18.1602
18.4794
18.1873
18.3295
18.449
18.0457
18.1804
18.2068
18.3792
18.3541
18.4542
17.8425
18.3816
18.1441
18.2263
18.2878
18.27
18.051
17.9689
17.883
18.0587
18.0311
17.847
17.8618
18.0786
18.0822
18.1896
18.5905
18.4491
17.9976
18.2068
18.1339
18.1155
18.3576
18.306
18.0452
18.0171
17.9539
18.0807
18.1262
18.4198
18.0052
18.2266
18.3392
18.433
18.1011
18.3858
18.3919
17.8832
18.0606
18.2173
18.2054
18.0011
18.3499
18.119
18.3059
17.9733
17.9156
18.5359
18.0324
18.3391
18.5547
18.3888
17.9625
18.0768
18.4741
18.1654
18.3234
17.9442
18.3067
18.4168
18.2243
18.2714
17.842
18.3065
18.3434
18.2783
18.0405
18.3149
18.3529
18.219
18.3373
18.27
18.5301
17.9089
18.3442
18.1526
18.1245
18.214
18.1622
17.8992
18.0835
18.5316
18.8508
18.5328
18.4909
17.9758
18.5635
18.3374
18.3643
18.3609
18.417
18.2893
18.6982
18.2649
18.4941
18.2243
18.3693
18.499
18.1872
18.0393
18.2578
18.4824
18.1409
17.9376
17.8744
18.0258
18.7718
18.1039
18.1802
18.4201
18.1462
18.5163
18.3068
18.0294
18.3131
18.4599
18.4985
18.2897
18.5666
18.5826
17.8527
18.5742
18.4058
18.4126
17.9755
18.3683
18.1621
18.2638
18.3788
18.2599
18.2794
18.3727
18.0587
18.4775
18.0825
18.3214
18.3168
18.0693
18.209
18.0851
17.9729
18.4478
18.3875
17.8242
18.387
18.3534
18.2947
18.2743
17.9563
18.5798
18.6324
18.3872
18.4344
18.147
18.2498
18.0323
18.3785
18.37
18.2747
18.0199
18.0866
18.019
18.2929
18.3203
18.1381
18.3519
17.8889
18.1866
18.4533
18.4443
18.099
17.9477
18.3563
18.2607
18.4983
18.229
18.297
17.9331
18.0743
18.7354
17.9615
18.0303
18.0019
18.0881
17.8758
18.3356
18.077
18.2977
17.8597
18.3352
18.431
18.4833
17.9303
18.4852
18.3512
18.1471
18.0484
18.5015
18.0607
18.4601
18.7538
17.8755
18.4091
18.2647
18.1462
18.3574
18.1862
18.2132
17.9283
18.1915
18.0177
18.3969
18.0134
18.2345
18.4987
18.1324
18.3506
18.3272
18.3112
18.3001
18.396
18.2721
18.4605
18.2819
18.0727
18.3521
17.9496
17.6137
18.0801
18.1101
18.2676
18.0445
18.3578
18.0747
18.3995
17.848
18.5043
18.507
17.969
18.5079
18.2768
18.1133
18.0104
18.0084
18.2803
18.367
18.1365
18.2334
18.2464
18.1977
18.1665
18.7705
18.2684
18.0018
18.0478
18.3499
18.295
18.2868
18.0811
18.3888
18.2689
18.0978
18.5276
18.0451
18.569
17.8991
18.7903
18.3519
18.5317
18.0073
18.4406
18.02
18.1017
18.1763
18.2447
18.2329
17.7594
18.555
18.1401
18.295
18.3059
18.3434
18.3091
18.4057
18.4917
18.3235
18.2838
18.3436
18.4789
18.4981
18.152
17.9059
18.1373
18.6285
17.9483
18.4274
18.1651
18.093
18.4377
18.3033
18.6515
18.8699
18.3359
18.5507
18.488
17.8526
18.5353
18.6923
18.6515
18.3896
18.5867
18.4701
18.5175
18.152
18.6506
18.2699
18.5767
18.2085
18.5535
18.2374
18.2873
18.2737
18.0391
18.142
17.9906
18.0605
18.438
18.2296
18.3885
18.3302
18.1467
18.4177
18.3508
18.1183
18.2829
18.3244
18.436
18.3408
18.3926
18.0081
18.2522
18.1769
18.779
18.0943
18.5253
17.981
18.2143
18.2653
17.9905
18.3292
18.5044
18.008
18.359
18.4254
18.2912
18.3622
18.5542
18.1663
18.7407
18.7735
18.5825
18.4996
18.2989
18.0306
18.4299
18.5376
18.0395
18.4394
17.9972
18.0358
18.0553
18.0277
18.4046
18.2806
17.9476
17.7217
18.5619
18.4062
17.8405
17.8854
18.4108
18.4041
18.1567
18.1289
18.4114
18.1347
18.5997
18.6346
18.2763
18.5038
17.9808
18.6956
18.5477
18.2471
18.3793
18.4503
18.3389
18.1785
18.2786
18.9662
18.5814
18.2653
18.1599
18.1958
18.5517
18.4533
18.1478
18.4696
18.1331
17.938
18.476
17.9437
18.6006
18.3139
18.0231
18.415
18.4111
18.1899
18.6441
18.3104
18.4427
18.391
18.6526
18.1003
18.9275
18.8487
18.5416
18.4722
18.5415
18.4575
18.495
18.0168
18.1297
18.044
18.0062
18.1871
18.3294
18.0848
18.2492
18.2885
17.9347
18.4007
18.1869
18.1182
18.2261
18.3031
18.1245
18.4855
17.9934
18.5883
18.1402
18.3379
18.0281
18.2162
18.5408
18.3771
18.0616
18.6388
18.4089
18.1502
18.3668
18.1821
18.1589
18.0019
18.1647
17.8801
18.2189
18.1849
18.0714
18.6023
18.567
18.355
18.3028
18.399
17.9476
18.6466
18.3958
17.9766
18.1195
18.5175
18.156
18.4907
18.6393
18.494
18.8723
18.0178
18.41
17.8826
18.1561
18.2509
18.446
18.1227
18.2469
18.063
17.9161
17.855
18.3382
18.0366
18.3848
18.3492
18.1058
18.2039
18.1344
18.5129
18.1958
18.3085
18.3433
18.5183
18.5815
18.7717
18.1929
18.3169
18.0974
18.1241
18.3029
18.5687
18.3895
17.9442
17.9092
18.0918
18.4434
18.006
18.1193
18.3672
17.9192
18.0724
18.2283
18.3012
18.2554
18.1065
18.096
18.0139
18.5392
18.4583
18.2344
18.4817
18.1284
18.3593
18.3373
18.2925
18.2476
17.7312
18.3527
18.6485
18.3082
18.4948
18.4003
18.167
18.4178
18.1005
17.993
18.0819
17.9007
17.9996
18.4536
18.0501
18.2979
18.2277
18.2361
18.0303
18.4968
18.4138
17.9471
18.7996
18.1733
18.4813
18.1566
18.2464
18.159
18.2312
18.7938
18.6088
18.0092
18.1064
18.5746
18.3681
18.0276
18.0584
17.9835
18.3189
18.4908
18.3138
18.1868
18.4624
18.0696
18.2019
18.4691
17.8495
18.4648
18.544
18.2416
18.0521
18.5388
18.1807
17.9664
18.1713
17.8932
18.3094
18.0836
18.4122
18.2873
18.6729
18.2197
18.2133
17.9059
18.0544
18.151
18.4338
18.362
18.0334
18.4927
18.4142
18.1691
18.2454
18.3907
18.1289
17.6374
18.0486
17.8551
18.0991
18.3115
18.309
18.2054
18.3701
18.0549
18.4306
18.6243
17.9927
18.6763
18.2116
18.3391
18.2111
17.8966
18.107
18.1406
18.3546
18.4427
